85.411
85.611
85.664
85.557
85.739
85.671
85.614
85.521
85.729
85.857
85.729
85.229
84.975
83.936
83.382
82.996
82.629
81.743
80.539
79.818
79.086
78.175
77.536
76.589
75.004
73.593
71.043
69.079
67.939
66.629
66.246
66.054
65.9
64.793
64.161
64.161
64.796
65.868
66.193
67.089
68.3
69.654
71.411
72.932
74.432
77.075
78.55
78.596
78.911
80.357
82.004
85.286
87.079
87.029
87.257
87.143
87.45
88.343
88.696
88.914
89.004
88.143
86.971
86.664
85.4
84.064
83.946
82.418
79.968
78.721
78.204
76.632
74.743
73.211
73.043
73.664
73.339
73
72.654
71.771
71.929
71.15
71.086
71.25
70.682
70.464
70.375
70.293
70.643
70.082
69.45
68.729
68.493
69.054
70.364
72.543
72.568
73.546
74.729
75.482
75.586
76.214
77.193
78.746
80.536
83.314
87.007
91.971
93.768
96.525
99.204
100.65
85.339
85.696
85.646
85.379
85.543
85.839
85.886
85.925
85.596
85.218
84.718
84.714
84.386
83.796
83.075
81.582
80.079
79.457
78.25
77.386
76.604
74.711
73.571
71.754
70.471
68.204
66.732
64.946
63.739
63.764
63.554
63.279
62.004
61.764
62.393
62.8
63.554
64.75
65.207
65.189
66.346
68.961
70.586
72.646
74.657
76.096
79.061
82.757
83.564
84.079
86.146
89.15
91.546
91.757
92.396
93.036
94.743
96.546
97.436
98.089
97.914
97.725
96.75
94.879
92.982
91.475
89.482
87.479
85.257
82.957
80.982
80.104
78.161
75.45
73.996
73.964
73.179
72.018
71.882
71.232
70.643
70.986
71.014
70.746
70.632
69.911
69.536
69.768
69.907
70.011
68.896
68.746
68.775
70.35
71.779
72.682
73.486
74.654
75.45
75.775
76.143
76.414
77.282
78.821
80.532
83.05
87.368
90.989
93.414
95.804
99.275
102.8
85.654
85.507
85.668
85.546
85.461
85.664
85.232
85.304
85.118
84.757
84.407
83.957
82.9
81.711
80.646
79.864
78.786
77.375
76.489
75.157
72.911
71.264
69.686
68.746
66.968
66.254
64.754
63.604
62.904
62.371
61.75
61.257
61.093
61.857
62.207
62.814
63.764
64.318
65.089
66.118
67.818
68.761
70.543
71.818
74.068
76.139
78.529
81.289
84.186
86.936
89.632
91.85
91.846
92.814
92.807
94.496
96.664
98.425
99.718
100.25
101.58
102.22
102.76
102.15
101.14
100.59
99.014
97.825
95.418
91.721
88.339
84.957
82.611
80.361
77.743
74.921
74.107
73.186
72.489
71.764
71.218
70.904
70.561
69.768
69.65
70.05
69.789
69.125
69.604
69.389
68.836
68.65
70.207
71.814
72.125
73.593
74.375
75.529
75.4
75.868
76.546
76.757
77.907
79.754
79.982
83.207
88.121
91.475
94.196
97.407
101.84
105.3
85.539
85.618
85.771
85.607
85.532
85.257
85.268
85.05
85.014
84.646
84.075
82.775
81.196
80.361
79.614
78.207
77.636
76.029
74
72.732
71.532
68.975
67.975
66.668
65.879
65.075
64.664
64.111
64.189
63.168
62.404
63.179
62.529
62.725
63.779
64.15
64.489
64.343
64.579
64.982
64.936
66.475
69.439
73.632
75.739
76.318
76.568
78.457
81.471
84.543
86.661
91.296
92.532
93.921
96.596
98.968
101.33
102.78
104.32
105.61
106.57
107.15
107.14
107.66
107.99
107.2
106.87
106.96
105.76
102.9
99.014
94.3
89.886
85.257
82.671
80.175
77.632
75.593
74.121
73.082
72.346
71.775
71.146
70.293
70.35
70.064
70.071
68.939
68.907
68.814
69.525
70.411
71.089
71.825
71.9
73.439
73.946
74.243
74.757
74.961
75.489
77.182
79.575
79.75
81.271
85.211
89.25
91.346
94.954
98.046
101.51
103.88
85.782
86.018
85.889
85.179
84.996
85.282
85.293
85.086
84.529
83.771
82.643
81.35
80.375
79.675
78.393
77.307
75.043
74.057
74.118
72.539
70.593
68.939
66.904
65.154
64.539
64.618
65.957
66.021
66.168
65.104
65.45
65.707
66.804
67.364
66.911
66.768
66.236
65.454
65.193
65.671
67.207
68.618
70.882
74.207
75.35
77.261
78.164
80.293
81.868
85.525
87.204
90.686
94.114
95.804
98.607
102.14
106.39
108.91
111.51
114.33
116.6
117.28
118.34
118.38
117.8
116.42
114.81
114.38
112.23
110
107.58
105.25
101.56
96.775
91.061
85.993
83.039
79.829
77.096
75.507
73.461
71.45
71.675
70.882
70.396
70.582
69.654
69.15
68.504
69.164
70.275
70.711
70.836
70.932
72.007
72.871
72.932
73.339
73.425
73.857
76.071
79.889
81.561
82.654
83.8
87.614
91.157
92.889
95.936
99.882
101.83
103.74
85.986
85.736
85.557
85.4
85.15
84.682
84.246
83.996
83.611
82.907
81.343
80.286
79.325
78.082
76.575
74.993
74.236
73.779
72.546
71.729
71.386
69.311
67.193
67.918
67.954
68.479
68.554
68.8
69.557
69.879
70.532
71.225
71.175
71.246
70.15
70.007
69.775
69.921
70.368
70.729
71.814
72.896
74.314
75.421
76.711
79.511
81.607
83.386
84.075
85.296
88.639
92.389
94.579
97.704
101.96
104.85
108.61
112.59
115.69
117.12
119
122.91
124.71
124.88
124.84
124.04
123.05
120.78
119.91
116.94
112.91
109.59
108.07
104.18
99.864
94.764
90.907
87.282
84.15
79.321
76.546
74.482
73.239
72.411
71.664
71
70.489
69.4
70.486
71.014
70.471
70.193
69.536
69.864
69.514
69.643
69.825
71.171
73.879
76.875
79.196
80.657
80.929
81.529
83.739
87.504
90.464
93.546
95.036
97.796
101.84
106.08
85.95
85.643
85.675
85.632
85.189
84.768
83.546
83.25
82.371
80.839
80.275
79.371
77.779
76.629
75.543
74.789
73.582
73.343
72.861
72.429
71.236
70.721
71.064
71.636
71.461
71.925
72.95
73.454
74.118
75.229
75.325
75.5
75.825
75.543
75.025
74.6
75.279
75.582
75.443
76.404
76.536
77.554
79.143
80.946
80.75
83.293
85.193
85.868
88.993
91.443
94.104
95.711
98.4
101.77
104.2
106.03
108.6
111.62
115.27
119.47
122.1
124.51
126.06
127.91
128.2
129.9
128.44
127.36
126.18
124.74
122.28
119.39
115.6
111.55
107.78
102.85
97.818
94.021
89.718
86.204
82.154
79.421
77.314
75.386
73.661
71.886
71.336
72.521
72.296
70.654
69.689
68.825
67.871
68.261
68.086
69.404
70.993
72.929
75.361
76.411
77.411
78.939
79.564
80.404
82.914
85.693
88.536
91.807
95.743
99.275
103.51
105.6
85.521
85.757
85.589
85.325
85.111
84.271
83.446
82.039
81.268
80.629
80.125
78.343
77.136
76.625
75.846
74.575
73.896
73.696
72.921
73.086
73.464
73.361
74.486
74.668
74.504
76.436
77.611
79.364
80.471
81.207
81.814
81.646
80.904
80.839
81.186
81.186
80.925
80.196
80.596
81.854
82.361
83.018
83.861
84.743
86.111
86.671
87.732
89.075
92.618
94.486
95.921
98.375
101.29
103.97
105.89
108.47
110.72
115.52
118.52
120.68
123.72
127.17
129.38
130.86
132.55
134.45
134.92
134.32
133.62
131.04
128.3
125.59
122.85
119.55
115.47
110.78
105.73
101.81
97.557
94.036
89.211
83.736
81.132
79.896
77.979
76.129
75.3
73.654
72.239
71.625
70.621
69.514
69.175
69.189
69.25
71.036
72.454
74.393
75.311
75.904
77.646
78.982
79.243
81.232
84.171
87.386
91.032
94.579
98.032
102.13
105.88
108.62
85.839
85.536
85.414
84.957
84.364
82.957
82.275
81.171
80.111
79.864
79.118
77.836
76.689
75.454
74.986
74.671
74.775
74.068
74.421
75.457
76.221
77.104
78.607
78.939
80.082
83.011
84.418
86.236
86.639
87.139
86.996
86.954
86.921
87.096
86.557
86.718
86.829
87.786
88.529
89.039
89.196
88.396
90.211
92.261
93.364
94.211
94.893
97.036
99.625
101.72
103.79
104.52
105.35
107.56
110.29
112.29
114.57
116.61
119.2
123.22
125.96
129.65
131.72
133.8
135.04
135.92
136.69
135.58
135
134.11
132.91
130.8
128.23
126.51
123.12
118.42
113.04
108.31
103.79
99.268
96.086
91.336
86.404
83.236
81.25
79.286
77.582
76.036
74.454
72.789
71.032
70.064
70.95
71.482
72.296
72.286
72.679
74.211
74.5
75.614
77.307
77.904
80.404
83.425
86.389
90.425
94.825
98.829
101.9
104.75
107.56
111.08
85.75
85.532
85.136
84.611
83.771
82.757
81.146
80.325
78.961
78.536
78.125
77.639
75.775
74.932
75.514
74.614
74.404
75.904
77.079
78.529
80.029
82.282
82.968
84.029
87.218
89.211
90.321
91.279
92.482
92.543
92.321
92.796
93.589
92.836
93.25
93.943
94.9
95.764
96.875
97.668
97.85
99.979
100.47
101.59
100.92
101.5
103.44
105.56
106.72
106.88
107.46
108.06
110.15
111.98
114.54
116.44
118.53
120.25
121.99
124.88
128.03
130.16
132.35
134.56
136.7
137.12
137.87
137.96
137.2
135.97
135.15
133.8
131.49
130.12
127.31
123.52
119.63
116.54
111.79
106.1
101.95
97.907
93.786
89.875
86.55
83.521
81.018
78.929
76.668
74.939
73.539
72.286
71.214
70.514
71.354
72.35
73.089
73.832
75.096
77.1
80.593
83.807
85.596
88.043
90.721
94.204
98.061
102.27
105.77
106.45
109.21
111.37
85.568
85.329
84.696
84.025
82.975
81.814
80.911
79.807
79.846
78.939
78.596
76.696
75.157
75.846
75.464
75.471
77.214
79.207
80.511
82.175
84.579
85.604
86.996
89.061
91.218
93.529
96.454
97.921
97.854
98.332
98.946
100.06
101.25
102.22
103.31
104.27
105.14
105.3
104.85
104.52
105.35
107.14
107.75
107.03
107.46
108.06
110.09
112.08
113.11
113.37
113.43
113.42
115.59
116.54
117.5
119.09
119.88
121.99
124.88
127.58
130.13
131.55
132.01
134.68
137.65
138.93
138.76
139.74
139.34
138.29
137.48
136.29
134.03
131.68
129.36
126.47
122.93
118.64
115.56
112.26
107.69
104.03
99.679
95.714
91.5
89.321
86.768
84.625
82.361
79.439
77.357
76.329
75.432
75.054
74.389
74.196
74.711
75.571
78.361
82.225
84.775
86.164
88.993
90.832
92.243
94.179
97.136
99.561
100.56
102.03
105.24
108.8
85.257
84.961
84.289
83.343
82.246
81.575
80.779
79.907
79.743
79.35
77.579
76.671
76.307
77.086
76.964
77.871
80.404
83.071
84.289
85.561
87.521
88.85
91.714
93.679
96.15
98.979
101.29
102.57
103.7
104.99
106.43
108.73
109.64
109.65
111.26
112.77
113.83
114.28
113.59
113.28
114.33
114.61
115.13
115.78
116.16
116.01
116.85
117.97
117.4
117.23
117.66
117.15
119.43
121.16
122.02
123.39
125.91
128.54
131.35
134.18
136.07
137.91
138.54
138.56
139.65
140.88
141.07
141.38
141.46
139.64
139.01
138.16
136.92
133.83
130.98
128.8
126.29
123.03
118.67
115.47
111.53
108
105.3
101.57
97.314
93.729
92.361
90.718
88.946
86.289
84.336
82.725
81.507
80.561
79.921
80.364
80.771
81.586
83.539
85.086
87.471
90.218
91.768
93.293
96.154
98.25
98.275
98.143
99.711
103
106.66
110.35
84.736
84.243
83.789
82.939
82.379
81.568
80.65
79.693
79.114
78.389
77.325
77.296
77.589
78.375
79.089
80.946
83.593
85.757
88.107
89.618
91.354
93.568
95.836
98.782
102.27
104.58
105.78
107.2
109.47
111.58
114.58
116.16
116.79
118.11
119.52
120.22
120.01
119.69
119.76
120.02
120.65
120.39
121.8
121.24
121.6
121.06
122.11
123.68
121.44
120.85
122.37
123.05
125.82
128.24
129.92
130.89
132.67
135.28
138.13
140.65
143.29
145.4
146.71
146.09
145.97
146.43
145.92
144.75
144.36
143.18
141.29
139.98
138.16
135.78
132.79
131.24
129.41
127.87
125.25
121.04
117.35
112.64
109.61
106.84
104.17
101.68
99.104
96.493
93.793
91.361
89.161
86.482
85.807
84.825
84.629
84.3
84.286
85.107
85.575
87.268
89.1
91.618
94.086
96.821
98.621
99.896
102.27
102.88
102.74
105.67
108.35
110.67
84.707
84.093
83.036
83.043
81.643
80.632
80.275
79.007
77.861
77.421
77.507
78.718
78.254
79.15
81.239
84.221
87.014
89.793
92.443
93.346
95.593
97.454
100.7
103.75
107.1
108.76
110.8
113.8
116.47
119.42
121.22
122.51
123.98
125.48
125.83
126.31
126.38
126.2
126.34
128.09
127.99
128.33
128.82
128.96
128.87
128.98
129.83
129.14
128.6
128.48
128.76
129.28
131.26
132.55
133.56
135.02
137.61
140.87
143.93
146.26
147.58
149.75
150.89
152.09
151.67
152.07
151.46
149.61
147.43
146.03
144.75
142.39
139.63
136.89
134.34
132.39
131.48
129.8
128.12
125.62
122.38
118.77
114.83
111.35
108.05
105.51
103.1
100.95
98.668
96.061
93.686
92.018
90.2
89.682
89.214
88.732
89.25
88.986
89.679
90.907
92.014
93.214
95.325
98.761
99.911
100.29
101.57
103.07
105.26
107.88
112.15
114.35
84.514
83.8
82.993
82.732
81.346
80.421
80.321
78.557
77.068
77.846
78.507
78.907
80.964
83.311
84.543
87.461
90.25
93.054
95.079
98.261
99.671
101.9
105.22
107.96
111.34
114.41
117.12
119.99
122.81
125.26
127.08
128.44
130.32
131.1
132.13
132.61
132.55
132.52
133.04
133.17
133.32
134.14
134.13
134
134.32
135.37
135.41
134.67
133.18
131.76
131.96
132.61
133.3
134.56
137.26
137.91
139.97
143.97
147.16
150.53
151.26
153.26
154.7
155.71
155.34
155.51
153.96
153.64
152.02
149.95
147.59
145.73
144.01
141.51
138.48
136.02
134.17
132.64
130.13
127.93
125.49
123.34
120.13
116.62
113.27
109.9
106.54
103.69
101.28
99.789
98.375
96.904
95.836
94.657
94.782
94.154
94.071
93.229
92.9
93.114
93.321
94.614
97.121
99.232
102.11
105.01
106.04
107.19
109.07
111.49
112.51
114.04
84.318
83.311
82.936
82.382
80.204
80.111
78.7
77.311
77.971
78.468
79.118
80.864
83.046
84.893
87.332
89.975
92.804
96.325
99.543
101
103.01
106.24
109.48
113.29
116.64
119.36
122.44
124.69
127.63
130.32
132.47
134.78
135.72
136.38
137.09
137.25
137.25
137.29
138.49
138.34
138.38
138.31
137.32
137.02
138.12
137.55
136.77
136.3
134.6
135.35
136.68
136.51
135.99
137.07
139.41
140.86
144.1
147
149.99
151.82
153.68
155.71
157.05
157.67
157.7
157.93
157.03
155.91
154.49
152.61
150.76
148.84
146.66
144.13
141.89
139.38
137.63
135.97
134.48
132.43
130.49
127.32
124.27
121.31
118.67
115.29
112.36
109.37
107.41
105.43
103.34
101.49
100.3
99.882
98.875
98.514
97.65
96.586
96.293
95.893
95.45
96.368
97.882
98.807
101.6
104.07
107.03
110.59
112.34
113.41
114.59
116.18
83.854
82.914
82.189
81.186
80.282
79.918
78.25
77.814
77.882
78.986
80.521
83.689
85.632
87.414
90.393
93.096
95.896
99.521
102.27
104.39
106.44
110.31
113.56
116.68
120.78
123.55
126.46
129.35
132.15
135.16
137.16
138.76
139.89
140.35
140.7
140.99
141.66
142.14
142.47
141.75
141.54
142.07
140.79
141.72
141.25
140.48
140.74
139.68
138.56
139.5
139
137.05
137.46
138.34
139.47
141.74
144.22
146.56
150.42
153.78
154.96
156.46
158.07
160.22
159.89
159.57
160.51
158.96
157.51
155.65
153.54
152.01
149.83
147.59
145.85
143.31
140.87
139.72
137.87
136.24
134.13
131.27
128.03
124.76
121.67
119.26
117.08
114.82
112.7
110.59
109.01
106.67
105.14
102.5
101.56
100.4
98.496
97.95
96.661
96.293
97.329
97.486
98.143
99.932
102.05
106.11
109.78
112.36
113.67
114.68
115.3
115.68
83.193
82.836
81.436
80.579
79.675
78.689
77.65
78.057
78.568
80.561
83.457
86.171
88.075
90.618
92.929
96.343
99.532
102.91
104.89
107.39
109.95
112.81
116.7
120.55
123.99
127.37
130.77
133.82
137.16
139.17
141.57
143.25
143.85
144.59
145.09
144.63
144.89
144.34
143.53
144.05
144.4
144.88
145.3
144.67
144.33
143.1
142.37
140.54
139.85
139.24
137.54
136.06
136.54
138.06
138.78
139.74
142.31
146.43
149.24
153.35
155.79
158.24
158.35
160.19
161.02
160.35
161.26
161.05
159.41
157.66
155.51
153.56
151.59
149.73
147.79
146.17
143.97
142.04
140.5
138.9
136.74
134.03
130.53
127.17
124.17
121.76
120.01
118.08
116.91
116.12
113.54
112.14
110.49
108.16
105.21
102.93
101.27
99.521
99.182
99.229
98.943
98.932
100.12
101.56
103.83
105.17
107.56
110.11
112.63
115.43
117.62
117.95
82.586
82.254
81.264
80.843
79.4
79.071
78.136
78.693
80.329
83.232
85.982
87.718
90.607
93.289
95.918
99.018
101.84
104.27
106.82
110.01
112.94
116.4
120.7
124.03
127.26
130.26
133.86
137.41
140.28
142.93
145.22
146.88
148.04
148.3
148.3
148.06
146.69
146.68
147.03
147.19
146.96
148.47
147.53
146.41
145.54
144.06
141.94
140.84
140.06
138.69
137.45
137.27
138.44
139.43
138.96
140.54
142.63
146.79
149.58
153.09
156.27
159.74
160.99
161.74
162.86
162.16
161.16
161.89
161.14
159.99
157.54
155.51
153.48
151.04
149.3
147.24
145.59
143.2
141.34
139.93
137.91
135.22
133.21
130.83
127.22
124.88
122.62
121.08
120.36
119.15
117.66
116.89
115.07
113.31
111.1
108.83
106.29
104.63
103.15
102.26
101.82
102.1
103.15
102.9
103.26
103.96
105.58
109.22
112.07
114.76
116.2
117.16
82.539
81.796
81.361
80.614
78.811
78.071
77.754
78.682
81.196
85.064
88.132
90.046
93.082
95.264
98.25
100.47
102.99
105.94
108.77
112.8
116.03
119.96
123.35
126.58
129.99
133.61
137.53
140.52
143.29
145.84
148.98
150.75
150.95
151.59
151.47
149.74
148.79
148.98
149.24
149.39
150.1
150.26
149.93
148.57
146.54
143.2
141.35
140.43
137.99
138.61
138.28
137.01
137.26
137.23
137.78
140.75
143.09
146.31
150.02
153.76
156.22
158.55
161.2
162.64
163.45
164.11
163.54
162.61
161.85
160.29
158.11
156.53
154.93
152.71
150.81
148.97
146.91
144.77
142.7
140.36
138.31
136.66
134.22
131.92
129.36
126.88
125.6
124.4
123.17
122.08
121.39
119.09
116.37
113.63
112.45
111.46
109.3
107.51
106.09
105.44
104.59
104.79
103.67
102.4
102.63
104.72
107.51
108.96
110.56
113.5
116.05
115.63
83.046
82.282
81.761
81
78.711
77.771
78.182
79.821
83.661
88.018
90.211
91.6
95.118
96.882
99.164
102.19
104.87
107.85
111.89
115.25
118.66
121.69
125.21
128.4
132.19
136.82
140.36
143.4
146.57
149.09
151.31
152.82
153.89
154.04
152.8
151
150.09
150.53
150.14
150.44
151.72
152.01
151.17
148.46
145.81
143.82
141.71
140.11
137.65
136.14
135.67
134.39
133.25
135.35
136.62
138.62
141.54
145.3
148.97
153.04
155.96
159.27
160.56
162.91
163.63
163.94
164.4
162.97
162.38
160.93
159.14
157.42
155.15
153.49
151.52
149.87
147.58
144.56
142.47
141.08
139.22
136.78
134.76
133.14
131.44
129.03
127
125.92
125.59
124.49
123.02
122.72
121.37
118.81
115.58
112.7
110.8
110.2
109.41
108.57
108.58
106.66
105.3
104.28
103.17
104.15
105.83
107.41
110.16
112.66
115.58
117.47
83.55
83.071
80.604
78.993
78.054
77.825
78.311
81.382
85.843
89.571
91.65
93.107
95.479
98.296
100.84
103.85
106.86
111.11
115.32
118.09
121.34
123.67
127.12
131.69
135.61
139.46
142.85
145.68
148.71
151.2
153.31
155.36
155.81
155.21
153.63
152.59
151.55
151.73
152.1
152.46
152.74
154.46
152.31
148.38
144.66
142.8
140.19
138.19
135.81
135.27
134.9
134.7
132.46
133.17
135.15
138.25
140.83
144.24
147.44
151.49
155.51
159.04
160.99
162.4
164.09
163.91
164.93
163.69
162.21
160.91
159.57
158.08
156.19
153.66
151.54
150.05
147.46
145.11
143.15
141.67
140.3
137.53
135.32
134.46
132.74
130.66
128.49
126.72
126.39
126.49
126.38
124.92
123.29
121.54
119.32
117.2
114.9
112.9
111.82
111.41
109.34
108.27
107.62
106.33
105.57
103.87
104.52
106.45
107.99
110.46
113.74
115.9
82.911
81.804
80
77.736
76.954
77.493
79.5
83.829
88.268
91.479
93.479
94.589
97.471
99.589
102.5
105.79
109.05
112.69
116.52
119.98
123.01
125.65
129.8
133.65
137.24
141.61
145.34
148.49
150.9
152.56
155.42
157.03
156.5
156.02
154.73
152.88
152.13
153.32
153.6
153.89
154.1
154.22
152.22
146.77
141.96
141.66
139.52
136.3
134.89
134.95
134.17
133.58
132.54
133.44
135.14
137.48
141.21
143.28
146.74
151.04
154.41
158.05
160.18
161.88
163.72
163.89
165.21
164.62
162.84
161.3
159.62
159.04
156.85
153.93
151.32
149.25
147.17
145.56
143.66
141.8
139.53
137.8
136.86
136.2
134.21
131.28
129.26
127.86
128.01
127.59
126.82
126.78
125.89
123.31
121.14
118.88
117.42
115.51
113.54
111.97
110.32
108.54
107.34
106.34
105.65
105.03
104.43
105.05
106.85
109.65
112.81
114.83
82.204
81.082
78.939
77.371
77.043
78.039
81.025
85.204
89.354
91.907
94.096
96.568
98.864
100.85
104.03
106.94
110.66
114.96
118.76
122.09
124.22
127.24
131.2
135.1
139.43
143.77
147.46
150.59
152.67
154.91
156.9
157.22
156.94
156.54
154.72
153.34
153.07
153.94
154.07
154.14
153.86
153.34
149.87
144.21
140.29
139.4
138.54
137.31
135.37
133.13
131.6
131.91
131.41
131.82
135.17
137.08
140.25
143.21
145.63
149.59
153.91
156.92
158.69
160.74
162.69
163.99
164.95
165.05
163.58
162.72
162.79
160.04
156.28
153.89
151
148.01
146.1
144.94
143.57
141.32
139.26
137.01
135.41
135.31
133.74
130.7
128.7
127.99
129.24
130.47
130
128.39
126.84
124.91
122.58
120.9
119.13
117.11
115.25
113.27
111.7
110.24
108.22
107.19
106.04
105.33
104.98
104.37
105.8
107.68
109.78
112.86
81.589
79.721
77.968
77.993
77.607
78.564
82.346
86.336
89.968
92.279
94.507
98.182
99.707
101.98
105.26
108.78
112.75
116.7
120.06
123.11
125.74
129.22
133.25
136.94
141.92
145.96
149.41
152.03
154.39
156.75
157.86
158.07
157.88
156.76
154.84
153.59
153.35
154.09
154.05
154.01
154.57
152.95
149.07
143.89
140.74
138.93
137.44
136.01
134.02
131.78
130.67
129.97
130.69
131.71
134.71
136.25
139.51
142.68
145.7
149.72
153.47
156.25
158.25
160.58
163.02
164.7
165.28
165.02
163.72
163.44
162.71
160.08
156.8
154.11
151.64
148.84
147.28
145.55
143.56
140.25
138.08
136.67
133.96
133.96
132.99
131.34
130.32
129.1
129.51
131.24
131.33
129.4
128.04
126.25
124.54
122.45
121.05
119.22
117.46
116.1
113.73
111.48
109.39
107.02
105.59
104.55
103.8
104.21
104.5
105.72
106.86
109.13
80.643
78.971
78.021
77.443
78.161
80.25
83.882
87.943
90.932
93.036
95.664
98.532
100.48
103.12
106.23
109.93
114.67
118.14
121.76
124.62
127.36
130.47
133.94
138.56
143.55
147.48
150.74
153.21
156.7
158.17
158.75
159.15
158.75
157.4
155.44
154.51
153.64
155.43
154.93
154.44
155.09
153.57
150.43
143.57
141.03
139.07
136.11
133.72
132.45
130.33
130.51
129.33
129.9
130.48
134.03
135.35
139.13
143.14
146.04
148.72
152.5
155.93
158.37
159.74
161.72
165.1
164.94
164.63
162.87
162.97
161.64
159.72
157.24
154.87
152.15
149.76
147.46
145.12
142.65
139.75
136.92
135.93
134.62
133.82
133.65
131.56
129.46
128.72
129.94
131.17
131.16
130.13
128.65
126.78
124.5
123.61
122.5
120.64
118.69
116.47
114.25
111.84
109.44
106.95
103.93
102.4
100.75
100.4
101.29
102.58
104.99
107.21
79.361
78.071
78.111
78.486
78.889
82.554
86.036
89.361
92.779
94.371
95.189
99.029
102.03
103.78
107.55
111.72
115.62
118.91
122.55
125.99
128.21
131.52
136.08
140.77
145.18
148.97
152.18
154.96
157.62
158.69
159.62
160.02
159.38
157.78
157.65
155.74
154.69
156.65
156.35
155.39
155.08
153.42
149.86
143.74
141.01
140.43
137.02
133.05
132.91
130.81
129.18
127.42
127.88
128.2
131.79
134.43
138.51
142.28
145.25
147.89
152.24
155.17
157.42
159.54
161.8
164.64
164.59
164.08
163.37
162.09
161.38
159.64
157.31
153.99
151.52
149.52
147.27
144.73
142.22
138.91
136.35
134.56
133.94
132.24
132.52
131.64
129.64
129.02
129.7
131.23
132.15
130.41
129.99
128.81
126.56
124.71
123.29
122.27
120.66
118.82
116.17
113.01
109.53
106.27
103.71
101.72
99.796
98
97.95
99.789
102.28
104.34
78.85
78.175
77.5
77.518
80.507
84.496
87.521
89.686
93.325
94.932
95.575
99.346
102.73
105.16
108.43
112.54
115.47
118.76
122.79
126.75
129.7
132.66
137.39
141.83
146.59
150.38
153.53
156.4
158.64
159.69
160.53
161.12
160.34
159.62
158.28
156.3
156.23
156.98
156.66
157.03
158.03
154.09
149.64
143.62
141.33
140.41
136.84
135.22
131.81
129.06
128.33
125.8
126.42
127.72
131.49
134.24
139.41
143.6
145.52
148.07
151.85
155.07
157.1
158.81
160.78
163.6
163.4
163.36
162.28
160.57
159.61
158.39
156.74
153.77
151.22
149.23
147.01
144.1
141.11
138.12
134.73
133.61
133.69
131.02
129.36
129.97
130.01
129.59
129.63
131.03
133.11
131.72
130.5
129.8
128.24
126.05
124.33
123.55
122.6
120.64
117.98
114.33
110.61
106.5
102.63
99.364
97.864
95.993
94.814
95.129
98.021
101.28
77.843
76.789
77.307
79.068
82.136
85.914
88.521
90.575
93.325
95.439
96.939
99.743
103.27
105.87
108.95
112.7
116.5
120.01
124.35
128.49
131.54
135.13
138.71
142.99
147.29
151.53
155.27
158.29
159.34
160.66
162.23
162.48
161.49
160.09
158.99
157.15
156.68
157.61
157.65
157.81
156.86
154.57
149.1
143.89
141.97
139.57
136.49
133.93
132.59
128.34
126.64
125.88
126.34
127.39
131.64
134.68
137.6
142.41
145.55
148.78
151.76
154.72
156.87
158.95
161.21
163.39
162.84
162.13
160.42
159.33
159.23
158.19
156.64
153.93
151.28
148.93
146.35
143.11
140.1
137.64
133.81
132.35
132.7
130.63
128.78
128.91
129.8
129.75
129.48
130.43
132.56
132.32
130.22
128.45
128.01
127.22
125.72
125.08
124.31
123.28
120.68
116.58
111.88
107.72
103.39
99.404
96.35
94.582
93.007
93.021
95.179
97.511
77.071
76.757
77.118
78.782
82.832
86.746
88.793
91.004
94.111
95.768
98.079
101.03
103.53
105.97
108.88
112.67
116.53
120.42
125.12
129.46
132.47
136.11
140.06
144.19
148.68
153.43
156.81
158.88
160.57
162.11
163.17
163.04
162.3
160.81
160.12
158.31
157.22
158.33
158.24
157.49
155.93
153.45
149.19
144.05
141.59
138.96
136.52
133.88
131.43
129.16
128.26
127.41
128.16
128.6
131.88
135.68
137.81
141.35
144.97
148.39
151.21
154.28
157.07
159.91
161.46
162.44
162.25
160.97
159.85
159.44
159.06
157.9
156.87
154.9
151.35
148.01
145.27
141.4
138.01
135.21
132.18
131.35
132.09
130.53
128.85
128.4
129.24
130.04
130.38
131.19
132.48
132.81
131.44
129.94
128.62
127.8
126.78
126.25
125.8
124.12
122.51
119.41
115.09
109.82
104.74
100.22
95.939
93.214
91.668
91.079
92
94.325
77.286
76.382
78.35
80.111
83.614
86.561
89.421
91.189
94.079
96.354
97.432
100.01
102.96
105.8
108.87
113.37
117.3
121.55
126.37
129.96
133.17
137.28
140.24
144.27
149.34
154.19
157.5
159.69
161.96
163.39
164.16
164.38
163.33
161.87
160.68
158.92
157.37
157.49
157.78
157.69
155.86
152.12
147.09
143.31
141.22
139.63
137.17
134.69
132.38
130.32
128.85
128.17
128.32
129.5
132.49
133.71
136.71
141.26
144.79
147.65
150.64
155.13
157.64
159.78
160.76
161.34
161.45
159.96
159.64
159.19
158.38
157.69
156.3
153.75
150.66
146.81
143.01
140.36
136.65
134.31
132.18
131.1
132.63
131.3
127.99
126.71
127.04
127.69
129.7
131.18
132.97
133.55
132.35
130.81
129.35
128.39
127.83
128.19
127.09
125.65
124.03
121.86
117.55
112.26
106.38
101.41
96.957
93.161
90.918
90.05
89.746
91.725
76.804
76.636
78.589
81.646
84.032
87.325
89.939
92.032
94.671
96.768
97.961
100.38
103.23
107.05
110.09
113.8
118.08
122.7
126.22
130.38
134.29
137.66
141.03
145.16
150.03
154.36
157.4
160.78
163.18
164.5
165.34
165.04
163.87
162.46
161.72
159.1
157.33
157.6
158.2
157.75
155.61
151.62
148.16
144.78
141.38
139.74
136.73
134.76
132.97
130.57
128.96
129.03
129.62
129.99
131.03
133.3
136.92
141.91
144.64
147.67
150.21
154.74
157.74
159.27
160.43
161.14
160.51
159.39
159.04
158.61
157.81
157.22
155.82
152.91
149.2
145.26
142.19
138.86
136.12
133.97
131.82
131.77
132.09
130.51
127.92
126.11
125.84
125.72
128.11
131.1
133.87
133.84
132.74
130.8
128.9
128.65
128.82
128.87
128.65
128.46
126.69
123.62
119.12
113.21
107.54
101.8
96.75
92.746
89.6
88.207
88.482
89.814
76.111
76.029
79.214
81.657
84.236
87.939
89.793
92.014
94.771
96.332
98.429
101.31
104.45
107.58
110.2
114.87
118.71
122.87
126.66
130.55
134.61
137.98
141.75
145.91
150.66
155.32
158.65
161.59
164.09
165.33
165.87
165.58
164.47
163.66
161.99
159.32
158.35
158.41
159.19
158.11
155.71
152.13
147.81
143.56
141.29
139.82
137.48
135.31
133.31
129.39
128.56
129.08
130.23
131.36
132.65
134.56
137.85
141.57
144.62
147.08
151.51
154.16
155.78
158.45
160.44
160.5
159.97
159.61
159.13
158.15
157.25
154.79
153.28
150.99
147
143.3
141.11
138.28
135.07
133.02
132.24
132.04
130.72
128.24
126.72
124.71
124.37
125.62
127.52
130.42
132.75
133.34
132.86
131.48
130.01
129.94
129.74
130.31
130.8
130.34
128.28
125.05
120.1
115.09
108.71
102.72
97.396
92.161
88.932
86.946
86.725
87.821
75.532
77.05
79.404
81.175
84.596
88.125
90.004
92.079
94.496
96.407
97.696
100.09
103.58
106.65
110.17
114.56
118.39
122.66
127.14
131.21
135.05
138.87
142.41
146.93
151.27
155.65
159.84
161.99
164.12
165.75
166.48
166.91
165.89
164.44
162.51
159.39
159.43
158.8
159.3
158.89
155.96
152.99
149.68
145.62
142.43
140.95
138.34
135.29
134.21
130.36
129.84
129.72
130.67
133.04
134.1
135.95
138.45
141.94
144.19
146.09
149.43
152.39
154.99
157.71
160.07
159.39
159.24
159.08
158.5
157.26
155.63
152.69
150.44
148.38
144.82
142.26
140.03
137.34
134.39
131.51
130.38
130.92
130.99
128.56
126.3
124.92
124.09
125.13
126.69
129.67
132.23
132.33
131.85
131.71
130.98
130.79
130.92
131.49
132
131.76
129.79
126.55
123
117.46
110.84
103.58
96.975
92.236
88.604
86.35
84.832
85.304
76.014
77.311
79.279
82.175
84.875
87.454
90.232
91.882
93.946
95.161
97.221
101.16
103.79
107.19
110.94
114.79
118.6
123.03
127.57
131.85
135.81
138.69
142.73
147.25
151.61
156.05
160.09
162.78
164.97
166.43
167.47
167.7
167.05
165.54
163.53
160.29
159.81
159.4
160.27
159.74
156.86
153.8
149.91
146.37
143.25
141.95
140.06
137.55
136.11
132.83
131.69
131.71
131.55
132.6
135.09
137.36
140.18
142.03
144.51
146.56
148.47
151.42
154.83
157.1
158.59
158.4
158.81
158.21
157.07
155.41
153.2
150.91
147.18
144.79
142.56
140.88
138.87
136.76
133.56
130.51
129.28
130.36
129.85
127.28
126.57
124.6
123.74
125
125.9
129.71
131.05
131.4
131.61
131.05
130.24
131.09
130.53
132.05
132.97
132.67
131.11
128.73
124.12
118.56
112.73
105.61
97.868
92.304
87.782
84.921
83.271
83.114
75.804
77.55
78.746
82.375
84.889
87.261
89.546
91.829
93.825
95.614
97.65
101.16
105
107.83
111.27
116.01
120.41
124.52
128.3
131.39
135.38
139.1
143.04
147.48
151.89
156.68
160.32
163.34
166.13
167.27
168.1
168.26
168.03
166.31
164.57
161.56
160.78
160.51
161.11
161.11
157.61
154.81
151.43
147.89
144.28
143.37
141.15
137.96
135.41
133.46
133.19
132.89
132.45
133.45
136.18
137.71
140.13
142.31
143.62
146.4
148.72
153.01
156.27
158
159.27
158.7
157.72
157.03
155.39
153.14
150.32
147.93
145.22
143.13
141.28
139.92
137.99
135.97
132.63
129.58
127.67
128.74
128.04
126.06
125.87
125.48
123.11
123.62
125.69
128.66
129.89
130.46
130.84
130.22
129.82
130.02
130.89
132.4
132.62
132.51
131.76
129.74
126
120.03
113.74
106.98
99.975
93.114
87.668
83.889
82.064
81.582
76.518
78.093
79.796
81.857
84.679
87.125
88.732
91.139
93.146
95.996
98.418
102.52
105.86
109.23
111.72
115.35
120
124.93
128.78
131.58
135.06
138.61
143.38
147.42
152.34
156.64
160.37
163.81
166.35
167.7
168.36
168.57
168.79
167.3
165.5
162.92
163.01
162.52
162.27
162.34
158.78
155.66
152.39
148.27
145.15
143.82
142.49
140.64
140.21
136.86
134.98
133.55
133.67
134.71
137.45
138.04
138.9
141.84
144.05
147.27
150.72
154.85
157.04
157.99
158.25
157.63
156.8
155.65
152.85
150.7
148.64
146.1
144.28
142.32
139.67
138.11
137.76
135.66
130.78
127.27
126.74
128.01
127.24
124.42
123.65
124.48
122.73
122.75
124.69
127.38
128.76
130.11
130.1
129.71
128.96
129.34
130.8
132.85
133.55
133.61
132.75
130.24
126.33
121.45
115.44
108.29
100.34
94.075
88.218
83.886
80.721
79.782
77.5
79.707
80.464
82.3
85.45
87.471
88.739
90.768
93.129
95.561
98.8
102.39
105.85
108.95
112.14
116.6
120.18
124.93
129.06
132.14
135.98
139.2
142.61
146.74
152.03
156.21
160.29
164.12
166.55
168.11
169.08
169.57
169.85
168.18
166.03
164.29
164.11
164.3
163.65
162.94
160.89
157.83
154.23
150.16
147.36
146.22
144.41
143.79
142.23
139.99
136.19
134.63
134.14
134.4
135.29
135.33
137.34
140.8
143.84
148.65
152.05
155.4
158.46
159.11
158.19
157.92
155.88
153.49
150.92
148.93
146.78
144.2
143.02
141.38
138.42
136.91
135.29
133.91
129.73
126.79
126.26
126.16
125.99
124.63
123.8
122.28
120.75
121.09
123.11
126.57
128.32
129.25
129.09
128.67
128.86
129.47
129.75
131.28
132.64
133.46
132.89
131.47
127.97
122.19
116.15
109.36
102.09
94.479
88.418
83.654
80.818
79.032
76.75
79.154
79.882
82.489
84.943
87.161
88.543
90.629
92.689
96.093
99.418
102.36
105.23
108.61
111.85
116.24
120.35
123.91
127.71
131.12
135.07
139.32
143.04
147.35
151.73
156.5
160.31
163.94
166.12
167.96
169.32
170.24
170.09
168.95
167.12
165.7
165.21
164.91
164.29
163.74
161.96
159.17
156.24
152
149.52
148.42
147.16
144.91
143.41
140.66
139.03
137.04
136.9
135.01
134.58
137.42
139.34
141.19
143.82
148.45
152.49
156.38
158.32
158.55
157.22
155.87
153.52
152.14
149.69
148.19
146.69
144
141.45
139.8
137.76
135.81
133.43
130.24
127.89
126.04
125.28
123.87
124.24
124.87
125.06
122.39
119.64
119.33
120.29
124.44
125.85
127.84
127.86
127.33
128.06
128.14
128.49
131.01
132.75
133.44
132.65
131.26
128.21
123.36
117.33
110.87
103.95
95.225
87.979
82.979
79.396
77.711
76.975
78.186
80.121
82.582
84.804
86.679
88.225
91.046
94.311
96.696
98.993
102.02
104.95
107.92
112.23
116.18
120.14
123.79
127.05
131.53
134.82
138.83
143.66
147.59
151.86
156.01
159.72
163.19
166.17
167.88
169.45
170.72
170.8
169.61
167.94
166.76
166.75
165.76
165.19
164.11
162.72
159.69
156.19
153.39
150.96
149.83
149.21
146.65
144.03
140.47
137.75
135.84
134.36
134.76
137.47
139
140.76
144.85
147.58
150.47
152.95
156.07
156.93
156.74
155.26
153.86
152.41
151.05
148.96
146.12
144.15
141.81
139.71
137.54
136.21
134.79
132.46
129.14
126.03
124.39
124.16
122.95
122.79
122.78
123.17
121.74
118.43
118.97
119.71
123.54
125.34
126.54
125.95
125.81
126.79
127.31
128.89
130.82
132.21
133.12
132.78
130.82
128.22
123.92
117.61
110.64
103
95.35
88.104
82.343
78.689
76.943
76.714
78.157
80.343
82.696
85.375
86.696
87.996
91.414
94.661
96.761
100.04
102.58
105.03
108.46
112.58
116.52
119.71
123.24
127.14
130.43
134.32
138.52
143.01
147.23
151.61
155.9
159.81
162.77
165.88
167.86
169.69
170.41
170.64
170
168.81
167.02
167.46
166.92
166.18
165.39
163.55
161.99
158.38
156.47
152.65
151.49
149.9
147.21
144.85
141.85
138.49
136.28
137.15
137.83
139.72
140.8
145.21
147.65
149.61
152.26
154.74
156.43
156.69
154.88
153.76
153.11
152.64
151.3
147.82
144.89
141.99
140
138.21
135.76
134.51
133.26
130.71
127.49
124
122.19
122.67
122.42
122.54
122.32
122.14
119.31
116.59
117.04
118.87
121.72
123.83
125.03
125.03
124.48
125.21
126.32
128.14
130.36
131.63
133.03
132.51
130.95
128.36
123.73
118.12
111.11
103.72
96.064
88.318
82.425
78.111
76.543
76.704
78.371
80.361
82.211
84.511
86.907
88.336
91.611
94.286
97.368
100.09
103.59
105.89
109.31
113.05
115.71
119.21
122.12
126.91
131.13
134.82
138.26
142.55
146.88
151.47
156
159.18
162.49
165.56
167.97
169.72
170.84
170.34
170.19
169.79
168.3
168.13
167.65
166.69
166.46
164.97
162.95
160.71
157.08
153.93
154.61
152.31
148.33
145.32
143.67
140.36
138.1
139.01
140.27
141.36
144.64
148.26
150.86
152.22
153.57
154.93
156.35
156.72
154.89
153.6
153.25
153
151.54
147.34
143.78
141.57
138.41
136.07
134.6
133
131
129.84
127.02
122.66
120.4
120.65
120.95
121.35
121.16
121.53
117.81
115.12
115.98
117.39
119.82
122.99
124.15
124.04
124.26
124.86
125.97
127.54
129.65
130.56
131.26
131.03
130.16
127.93
124.33
118.28
111
103.19
95.3
88.768
82.743
78.539
75.8
76.546
77.946
79.918
81.525
83.896
86.589
88.089
91.275
93.607
97.011
100.15
102.73
105.61
109.38
112.44
115.58
118.34
122.03
126.33
131.1
134.68
137.98
141.79
146.65
151.03
155.25
159.04
161.84
165.22
167.48
169.45
170.76
170.49
170.41
169.86
169.13
169.24
168.81
167.5
167
165.77
163.89
161.53
159.3
155.4
155.18
154.36
151.74
148.88
145
142.5
141.96
142.51
143.79
145.6
147.8
150.05
152.04
153.4
153.81
155.54
156.29
156.65
155.59
154.79
154.32
154.34
152.17
148.37
144.89
141.96
139.74
136.79
134.59
133.2
131.28
129.17
126.79
122.96
120.75
120.41
119.93
121.06
120.07
120.22
117.76
114.02
114.46
116.05
118.28
122.51
122.95
123.19
123.11
123.74
124.5
126.41
128.58
130.2
131.38
131.95
130.75
127.99
123.73
118.45
111.69
103.78
95.568
88.286
82.139
77.439
75.368
75.725
77.332
79.486
81.596
83.275
85.654
87.604
90.293
93.643
96.768
99.618
102.49
105.69
109.16
112.64
115.72
118.37
122.49
127
130.95
134.89
138
141.5
145.98
150.45
154.68
158.79
161.93
164.62
166.62
168.76
170.41
171.06
170.32
170.27
169.32
169.49
169.52
168.46
167.32
166.2
164.6
161.63
159.93
156.34
156
155.52
151.67
149.2
146.78
144.99
145.32
146.53
146.31
147.35
148.5
151.14
153.19
154.32
154.77
155.94
156.89
157.24
156.2
155.93
154.94
154.07
151.92
149.09
146.22
142.68
139.41
137.56
135.4
133.84
132.24
129.15
126.65
123.66
121.03
120.44
120.24
121.94
121.34
120.42
116.46
112.67
113.55
114.64
117.36
120.7
121.31
121.06
121.03
122.41
123.93
125.4
127.81
128.96
129.72
131.35
130.5
127.75
123.47
118.12
111.53
104
96.268
88.729
81.632
77.25
75.204
75.593
76.979
79.311
81.954
83.896
85.371
88.754
90.693
93.239
96.586
99.625
102.58
105.45
109.19
112.72
116.17
119.2
123.18
127.28
130.89
133.82
137.73
140.84
145.4
149.89
153.64
157.84
161.75
164.53
167.07
168.95
169.93
170.95
171.07
170.51
169.66
169.7
169.4
168.6
168
166.97
164.93
162.49
160.38
156.71
155.11
154.77
151.43
149.66
147.55
147.06
147.61
148.12
146.61
146.82
148.78
150.87
153.24
155.22
156.05
156.07
156.43
157.57
157.18
155.9
155.25
153.93
151.35
147.62
146.15
141.78
138.78
137.31
135.35
133.75
131.64
129.26
125.67
123.44
120.42
119.33
119.23
120.84
120.41
119.59
116.16
112.96
113.76
114.18
114.86
119.65
120.49
120.58
120.91
121.49
122.86
125.05
127.08
128.57
129.7
130.65
130.04
127.05
122.9
117.12
110.9
103.88
96.221
88.921
81.621
77.25
75.079
74.732
76.679
78.464
81.989
84.079
85.454
88.554
91.318
93.2
96.689
99.871
102.1
105.08
108.66
112.35
116.1
118.73
122.43
126.34
129.93
133.28
136.7
140.83
144.64
148.82
153.29
157.34
161.15
164.39
166.52
168.61
170.31
170.75
170.62
170.8
169.57
169.46
168.8
168.31
167.69
166.65
165.89
163.1
159.32
155.97
154.63
155.14
152.03
149.69
148.44
148.38
147.65
147.3
147.13
146.7
148.63
150.9
153.23
154.47
155.43
156.13
155.89
156.64
157.89
156.93
155.33
152.98
149.71
147.01
143.41
139.77
136.83
135
134.32
132.63
131.51
128.89
125.75
122.36
119.71
119.03
119.25
121.58
120.84
118.68
116.11
112.21
113.3
114.03
114.2
119.4
120.34
119.74
119.41
119.61
122.13
124.01
126.22
127.88
129.09
129.56
128.56
126.09
121.96
116.37
109.83
102.93
95.329
87.957
80.879
76.507
74.836
74.743
76.143
78.893
80.961
83.543
85.336
88.332
91.425
93.157
96.482
99.446
102.84
105.04
108.22
112.09
115.67
118.8
121.95
125.59
129.33
132.68
136.2
140.53
144.64
149.22
153.13
156.59
160.08
163.44
166.28
167.8
169.41
170
170.24
170.39
170.07
168.94
168.39
168.22
167.52
166.48
165.1
161.57
160
157.18
154.04
153.77
151.41
149.7
148.07
147.31
146.54
145.6
144.4
145.32
147.79
149.47
151.93
154.39
154.61
155.08
155.93
155.98
155.72
155.64
153.97
151.22
148.39
146.09
143.42
138.98
136.72
134.59
132.97
133.15
131.11
129.06
126.31
123.57
120.82
119.16
119.22
119.85
118.87
117.4
115.99
112.83
113.68
113.55
113.09
117.34
119.25
118.88
119.2
120.21
121.53
123.44
126.01
127.23
128.7
128.73
127.69
125.89
121.91
116.21
109.21
102.24
94.175
87.093
81.104
76.55
73.911
74.439
75.925
78.075
80.336
82.257
84.879
88.286
90.968
93.568
96.593
99.354
102.92
106.09
109.2
112.86
115.44
118.64
122.43
125.62
128.83
132.73
136.01
140.38
144.24
148.22
152.06
156.28
159.43
162.32
165.13
167.45
169
169.44
169.46
169.28
168.7
168.55
167.32
166.75
166.57
165.5
163.28
159.23
156.8
155.48
153.48
152.39
149.28
148.84
147.25
145.4
143.76
142.98
143.07
143.55
145.73
148.74
151.33
152.81
154.32
155.22
155.29
155.22
155.65
154.34
152.6
149.36
146.57
144.9
142.34
139.54
136.46
134.25
132.33
132.31
131.39
128.96
126.78
123.94
121.37
119.01
118.22
119.45
119.01
117.18
114.74
112.81
112.54
112.23
112.71
117.07
119.08
119.42
118.96
119.67
122.03
123.76
125.74
127
128.39
127.9
126.89
124.26
120.72
115.1
108.51
101.46
94.068
86.671
81.229
76.971
74.739
75.632
75.55
77.386
79.332
81.868
85.079
88.264
90.693
93.336
97.046
100.08
102.7
105.61
109
112.59
115.56
118.1
121.13
124.89
128.86
132.56
136.59
140.04
143.14
147.14
151.68
155.81
159.3
162.1
164.86
167.04
168.44
168.73
168.99
168.39
168.08
167.41
166.87
166.25
165.72
164.24
161.55
157.57
156.62
155.31
153.09
152.25
147.66
145.4
144.04
143.54
142.75
142.58
142.39
141.81
143.25
145.45
148.97
150.61
151.03
151.68
153.09
153.72
154.23
153.32
150.99
147.89
145.56
144.09
142.13
139.64
137.27
134.55
132.8
132.03
130.69
128.3
125.92
123.82
121.83
118.74
117.72
117.85
117.21
116.75
115.42
112.38
111
111.44
111.95
115.89
118.86
118.95
118.92
119.16
120.48
122.62
124.95
126.12
127.14
127.29
126.05
123.45
118.9
114.03
107.56
100.01
93.339
86.929
81.004
76.793
74.314
75.657
75.011
77.025
79.557
81.579
84.218
88.146
90.171
92.596
96.075
99.861
102.3
105.71
108.36
111.8
115.6
118.56
120.96
124.89
128.53
132.65
135.69
139.07
142.95
147.36
150.65
154.72
158.53
161.34
164.1
166.09
167.59
168.3
168.75
168.6
167.88
166.79
165.48
163.94
162.39
162.05
159.7
156.57
155.72
154.41
151.59
149.63
146.31
144.06
141.62
141.65
141.98
139.84
139.29
139.3
139.71
143.62
146.43
147.62
149.16
149.88
150.45
151.5
152
151.09
149.53
146.79
145.02
142.95
140.38
138.24
136.83
135.49
133.6
132.8
131.46
128.68
125.92
123.46
122.07
119.59
118.75
118.26
117.62
116.53
116.68
113.43
111.78
111.09
111.61
115.78
118.57
118.74
119.31
119.98
121.66
123.55
125.21
126.48
126.95
126.47
124.96
122.54
118.62
112.93
106.13
99.439
92.786
86.396
81.618
77.193
75.046
76.221
76.793
76.882
78.568
80.554
83.25
86.893
89.971
92.207
95.693
98.946
101.95
105.19
108.22
111.04
114.88
118.06
120.84
124.27
128.72
132.38
135.95
138.82
142.3
146.66
150.35
153.93
157.55
160.85
163.3
165.44
166.61
166.99
167.53
167.55
167.51
166.01
164.76
163.15
161.62
161.39
159.32
155.3
154.03
152.52
149.52
148.18
145.36
143.16
141.36
139.47
139.19
137.6
136.92
137.41
139.05
141.06
143.3
144.97
146.66
147.66
148.88
150.51
150.3
149.71
147.45
145.7
143.7
142
140.53
138.82
136.76
135.65
134.41
133.09
130.96
128.85
126.05
122.8
121.74
119.6
118.98
119.26
118.45
117.79
116.91
113.39
111.96
111.28
112.08
116.55
118.77
119.24
119.31
120.05
121.51
123.56
124.63
125.28
126.03
125.61
123.89
120.95
117.01
111.96
105.78
98.886
92.175
86.679
81.389
76.536
75.986
75.496
76.079
77.164
77.193
79.829
82.768
85.111
89.075
91.571
94.296
97.518
100.66
104.24
108.09
111.47
114.92
117.44
120.39
123.74
128.23
132.12
135.56
138.66
141.44
145.29
149.25
153.55
157.4
159.73
162.2
163.98
165.23
166.11
166.38
166.3
165.85
164.36
162.95
161.98
160.86
159.24
156.62
153.62
152.52
151.3
148.16
146.19
142.29
140.99
138.84
137.8
137.87
136.15
135.43
135.04
136.83
139.3
140.23
141.62
144.68
146.68
148.65
150.28
150.39
148.89
148
144.4
142.6
141.3
139.87
138.48
137.31
135.96
134.98
133.94
131.87
129.13
125.07
123.04
121.56
119.91
119.37
118.16
117.42
118.14
117.43
115.03
111.89
110.88
112.92
117.06
118.41
118.83
119.38
120.44
122.08
123.67
124.93
124.91
124.9
124.32
122.63
120.06
115.68
110.67
105.02
98.121
91.543
85.343
79.95
76.768
76.975
74.929
75.096
76.021
77.6
80.118
82.889
85.493
88.536
91.671
93.921
96.821
100.44
103.43
106.94
110.49
113.73
116.96
120.43
123.65
127.44
130.86
134.39
137.45
140.52
144.93
148.44
152.15
156.21
158.72
161.75
163.21
163.32
164.45
164.89
164.76
164.28
162.56
161.69
160.86
159.38
157.57
154.55
151.27
150.5
149.69
145.76
143.1
139.44
138.04
135.94
135.61
134.26
132.6
131.85
133.37
135.23
135.66
136.73
138.64
141.5
144.4
147.63
150.09
151.12
150.2
149.2
145.78
143.64
143.17
141.33
139.54
138.28
136.73
135.42
134.29
132.84
130.45
126.36
123.76
121.6
119.31
119.96
119.96
119.22
120.34
118.56
115.85
113.16
111.46
114.36
117.91
119.74
119.88
119.83
120.05
121.4
122.93
124.22
124.51
124.65
123.4
121.53
118.49
114.63
109.17
102.96
96.704
90.829
85.336
80.986
77.35
79.246
74.579
74.218
75.279
77.4
79.789
82.354
84.925
87.625
90.789
93.643
96.718
100.39
103.49
106.43
109.57
113.03
117.02
120.97
124.41
127.24
130.47
133.49
136.32
140.09
143.98
147.81
151.14
154.52
157.67
159.97
161.79
162.29
163.1
163.46
162.93
162.41
162.12
160.25
158.91
156.96
155.32
153.39
149.93
148.49
146.35
142.22
138.72
135.94
135.08
133.34
132.93
132.42
131.2
130.22
130.4
132.28
134.87
137.1
138.08
141.96
144.59
147.2
148.89
150.07
151.38
149.43
145.03
143.51
142.88
143.26
141.83
140.38
138.62
136.89
135.57
133
131.7
127.88
124.99
123.07
120.56
119.9
119.84
119.01
120.18
118.55
116.28
114.9
113.58
115.74
119.55
120.94
121.64
121.12
121.05
121.49
122.59
123.66
123.34
123.07
121.89
119.96
116.88
113.2
108.23
102.36
96.032
90.371
85.189
80.589
79.043
80.839
74.832
73.711
74.136
76.743
79.007
80.861
83.675
86.486
89.682
93.207
96.214
99.254
102.53
105.39
108.5
111.73
116.64
120.74
123.47
126.84
129.31
132.87
136.68
140.12
143.4
146.67
150.41
153.35
156.29
158.98
160.29
161.24
162.27
162.05
161.35
160.91
160.5
159.38
157.06
155.03
153.1
151.16
147.8
145.4
142.01
138.55
135.6
133.65
131.88
129.9
129.37
129.28
127.84
128.41
128.91
129.8
132.5
136.23
137.46
140.04
142.81
146.52
148.61
148.39
148.88
148.34
145.66
144.12
144.03
143.96
143.08
141.11
139.5
138.62
136.97
134.97
132.44
129.25
125.88
123.96
121.04
119.84
119.81
119.22
120.65
118.89
116.61
115.19
114.44
117.41
119.61
120.64
121.12
121.3
121.3
121.68
121.97
122.58
122.71
121.46
120.52
118.72
115.26
111.99
106.21
100.4
95
89.393
84.432
80.564
81.004
82.761
73.982
73.411
74.221
75.325
77.986
80.661
83.321
85.993
88.929
92.125
95.268
99.193
102.55
105.15
107.49
111.13
115.32
119.64
122.69
125.59
128.95
132.51
135.86
139.43
143.17
146.47
149.53
152.36
155.18
157.62
159.26
160.7
161.77
161.5
160.01
159.04
158.46
156.57
155.18
153.95
151.9
149.79
146.1
143.39
141.78
138.98
135.11
131.43
130.55
128.78
127.49
127.13
125.89
126.03
125.69
127.69
130.86
134.05
136.63
139.3
141.58
143.34
146.93
149.21
148.47
148.49
146.87
146.08
145.2
144.88
143.92
142.87
140.69
139.24
138.57
136.76
134.25
130.62
127.21
124.59
122.46
121.62
120.78
120.86
122.02
120.16
118.2
116.84
116.58
118.61
120.34
121.67
121.92
121.72
121.78
121.44
121.47
122.17
121.44
121.06
119.29
117.01
114.37
109.96
105.02
99.618
93.757
88.989
84.564
81.8
82.989
84.939
73.796
73.554
73.607
75.282
77.311
79.629
83.243
86.489
88.668
91.029
94.143
97.593
100.68
103.49
106.25
110.22
114.2
118.4
121.48
125.05
128.64
131.62
134.28
138.1
141.91
145.71
148.4
151.35
154.26
156.77
158.25
159.7
160.57
160.04
158.86
157.85
156.59
154.14
152.8
152.01
150.67
148.36
145.36
141.65
138.73
135.21
131.5
129.71
128.81
126.1
126.81
126.29
125.05
124.69
124.54
127.25
129.72
131.87
135.43
139.03
140.9
143.98
147.01
149.03
149.2
150.11
149.49
148.96
148.66
147.52
145.42
144.04
143.03
141.41
140.2
138.23
135.56
131.53
127.67
124.32
122.41
121.67
121.38
121.5
121.71
119.21
117.51
117.43
117.4
118.72
120.57
121.75
122.11
121.85
121.35
121.38
121.04
121.17
120.68
119.73
118.36
115.99
112.49
108.9
104.49
98.839
93.296
87.989
84.143
83.425
84.918
86.579
73.646
72.904
73.643
75.657
76.414
78.65
82.118
85.421
87.725
90.368
93.104
96.232
98.929
102.59
105.59
109.1
112.7
117.22
120.66
124.28
127.03
130.06
133.66
137.1
141.04
144.71
147.39
150.51
153.06
155.61
157.26
158.21
158.91
158.65
157.86
156.44
155
153.56
151.62
151.15
149.81
147.64
144.74
140.53
137.59
134.75
131.93
128.28
127.73
125.13
123.55
123.74
122
122.71
124.81
126.03
127.82
130.95
134.01
138.19
141.91
143.91
147.56
150.3
150.82
151.53
151.24
150.43
150.49
149.4
147.3
145.68
144
142.45
140.59
137.73
136.04
132.82
128.04
124.76
123.62
122.44
122.32
121.59
120.34
119.25
117.92
118.59
118.98
119.08
120.08
121.94
121.95
121.49
121.65
121.51
121.09
120.13
119.16
118.22
116.84
114.26
110.63
106.88
101.19
97.057
91.546
87.668
86.007
86.221
86.95
88.725
74.057
72.643
72.836
74.407
77.032
78.511
80.979
84.396
87.518
90.411
92.004
94.486
97.646
101.19
104.73
108.76
112
115.64
119.1
122.93
126.97
129.9
133.1
136.64
140.33
143.71
147.06
149.44
152.24
154.72
156.33
156.98
157.79
157.14
155.6
154.19
153.07
152.45
151.76
150.77
150.15
146.94
143.35
139.69
137.15
133.46
130.22
127.4
126.08
124.32
123.94
124.21
121.67
122.11
124.29
126.31
128.22
130.09
133.47
137.42
141.45
144.22
147.15
150.1
152.05
152.44
151.11
150.29
150.91
150.76
148.76
146.94
144.6
142.43
141.26
138.76
135.96
132.71
129.12
125.56
123.1
123.28
123.02
122.8
121.03
119.17
118.3
118.9
119.81
120.3
121.63
121.93
122.29
121.46
120.53
120.2
119.51
118.97
118.24
116.38
114.51
112.41
109.13
105.04
100.38
95.007
90.268
87.546
87.764
87.754
89.268
90.811
74.161
73.243
72.729
74.479
75.479
77.911
80.857
83.118
87.118
89.554
92.007
94.075
96.857
100.09
103.62
107.74
111.47
114.67
118.09
121.77
125.36
128.75
132.1
135.89
139.75
142.96
145.76
148.41
151.2
153.05
154.92
156.06
156.32
155.39
154.24
152.93
151.9
150.71
150.14
149.69
149.24
145.56
142.72
138.89
135.27
133.04
129.24
126.95
126.6
124.65
124.96
123.76
121.53
121.54
122.34
126.26
129.36
131.61
133.47
137.19
141.72
143.86
145.88
149.03
150.49
151.67
151.78
150.42
150.64
150.44
149.61
148.87
145.26
141.95
140.31
138.09
136.01
133.55
129.99
126.51
123.54
123.64
124.59
123.61
122.21
119.7
118.41
119.16
120.15
121.01
122.24
122.1
121.58
120.9
120.04
119.74
119.22
117.41
116.57
114.62
113.08
110.83
107.06
102.72
98.104
93.529
90.754
89.921
88.936
88.893
90.575
91.989
74.211
73.425
73.346
72.979
74.475
77.414
80.707
82.039
85.021
88.089
90.579
93.357
96.361
100.18
102.49
105.7
109.25
113.33
117.06
120.87
124.61
127.42
130.8
134.87
138.39
141.56
144.65
147.16
149.84
152.24
153.99
155.05
155.23
154.9
152.97
151.28
150.54
149.74
148.78
148.07
147.23
145.25
142.38
139.66
134.47
131.35
128.74
126.3
124.92
123.18
123.96
122.6
119.81
119.26
120.66
124.51
128.6
131.35
131.79
135.22
140.04
143.54
145.66
148.45
150.46
151.13
150.57
150.68
150.53
150.25
149.12
147.93
145.28
142.19
139.75
138.14
135.67
133.56
130.81
127.69
123.76
123.75
125.52
124.89
123.03
121.52
120.8
120.79
121.96
122.35
121.99
121.74
121.01
120.58
119.27
117.95
117.18
116.9
114.97
114
111.91
108.96
105.25
101.47
97.582
94.575
92.007
90.743
89.996
90.579
92.275
93.818
73.846
73.671
74.168
73.771
73.561
75.729
79.211
81.875
84.432
87.482
89.35
91.807
93.511
97.293
100.86
104.42
107.95
111.38
115.64
118.86
123.08
126.09
129.17
132.84
136.53
140.3
143.24
146.12
148.74
150.83
152.67
153.73
153.54
153.45
152.06
150.14
149.7
149.11
148.56
147.65
146.77
144.86
141.95
139.46
134.97
132
128.31
125.48
124.29
123.98
122.35
121.02
120.2
118.9
120.49
121.92
125.89
129.61
131.47
134.62
138.84
142.49
144.41
146.91
149.79
150.94
150.63
150.62
150.46
150.08
149.45
148.27
145.25
142.15
139.55
137.91
135.14
132.57
130.45
127.99
125.18
123.79
125.11
125.38
123.33
121.61
121.4
121.94
123.12
122.56
122.18
121.81
121.3
120.11
118.03
116.66
116.32
115.18
113.87
111.86
110.16
106.79
103.2
99.743
97.039
94.443
92.154
90.886
90.996
92.164
93.618
95.754
74.525
73.296
73.504
73.507
73.925
75.221
78.271
80.825
83.425
85.65
88.643
90.889
93.186
96.296
99.964
102.92
106.29
110.02
113.28
117.4
120.62
124.07
127.31
130.93
134.29
137.79
141.05
144.65
146.95
149.08
150.63
151.72
152.09
151.46
150.23
149.25
148.83
148.71
149.47
149.02
146.86
143.97
141
138
134.33
130.99
128.24
124.36
123.71
123.47
120.31
118.45
118.15
118.27
118.9
120.65
125.69
128.69
132.31
135.3
138.22
142.07
143.27
145.8
148.73
151.24
151.55
150.31
150
150.21
149.02
147.97
145.46
142.69
140.63
138.4
135.9
132.65
130.36
128.45
125.33
124.87
125.67
124.99
122.7
121.25
120.92
121.87
122.64
122.01
121.64
121.5
120.67
118.83
116.94
115.45
114.43
113.06
111.83
110.69
107.98
104.79
101.58
98.664
96.193
94.354
92.982
92.182
92.739
93.796
95.189
97.45
76.854
75.146
73.257
72.461
72.964
73.914
76.311
79.646
82.029
84.796
86.936
89.975
92.389
94.843
97.629
101.5
104.82
108.2
111.96
116.3
118.84
121.49
124.96
129.23
132.8
136.38
139.4
142.51
145.88
148.33
149.86
150.74
151.07
150.55
149.51
148.79
147.66
147.71
147.86
147.61
145.85
143.59
140
138.16
134.86
130.44
128
124.34
121.83
121.08
119.92
118.87
118.06
118.28
119.69
120.5
124.53
128.3
132.64
135.61
139.18
141.9
144.35
146.06
148.71
150.62
151.6
151.06
149.87
150.18
149.14
147.06
144.72
143.05
140.8
138.4
135.95
132.97
130.83
128.5
126.1
124.53
124.71
124.2
122.69
121.98
122.09
122.37
121.9
121.78
121.62
121
119.64
117.64
115.9
114.51
113.58
112.46
110.78
108.8
106.58
103.37
100.05
97.854
96.404
94.346
93.804
94.071
93.782
94.521
96.389
97.314
77.193
75.575
74.482
73.293
72.057
73.271
74.6
76.886
81.121
84.268
87.007
88.775
90.789
93.432
95.318
97.775
102.49
106.42
110.8
114.28
116.85
119.66
123.12
126.68
130.16
133.41
137.01
140.56
143.53
146.63
148.38
149.86
149.38
148.59
148.31
147.04
146.06
146.38
147.23
147.75
145.93
142.28
139.47
136.79
134.18
130.87
127.14
123.38
120.52
120.54
120.71
119.93
118.08
118.16
118.53
119.92
123.49
127.74
131.85
135.12
138.36
141.29
144.8
146.32
148.79
150
151.39
151.01
149.95
149.61
149.14
147.06
145.54
143.47
140.81
137.96
134.66
132.55
130.25
128.3
125.69
124.46
124.26
123.8
123.16
123.06
122.59
121.85
121.04
120.92
120.43
119.32
118.02
115.85
114.44
114.14
113.11
111.54
109.63
107.13
104.51
101.75
99.114
96.4
94.839
93.943
94.196
94.529
95.1
95.782
96.668
98.004
76.443
74.957
74.196
73.6
72.682
72.968
74.311
75.732
78.814
82.604
85.207
88.111
90.029
92.375
94.611
96.65
99.95
103.79
108.21
111.4
114.81
118.04
120.83
124.21
127.35
131.03
134.36
138.25
142.08
144.63
146.46
147.81
147.95
146.7
145.91
145.52
144.68
145.02
146.33
146.62
144.93
141.42
139.14
136.1
133.15
129.81
126.42
123.46
121.91
119.64
119.93
119.69
119.61
119.85
119.98
119.8
122.82
127.5
132.69
136.23
138.57
141.3
144.35
146.67
148.93
149.84
150.82
150.22
150.07
149.96
149.33
147.19
145.37
143.37
141.23
138.46
136.6
133.37
130.58
128.75
126.81
124.9
124.12
123.91
123.79
123.21
121.9
120.89
120.26
120.35
119.62
118.34
116.94
115.15
113.36
112.16
110.49
108.34
106.14
104.54
102.25
99.532
96.5
95.079
94.807
95.125
94.968
95.525
96.264
97.079
97.829
98.675
77.7
75.732
75.057
73.493
72.018
72.032
73.443
75.65
77.357
80.682
83.318
85.904
88.543
90.518
92.604
95.486
98.186
101.45
105.71
109.17
112.44
115.61
118.93
121.98
124.84
128.22
131.5
135.12
139.04
142.36
144.17
145.45
146.28
145.43
144.61
144.03
144.94
144.35
144.61
144.89
143.64
141.5
138.93
133.53
131.57
128.94
125.99
124.21
121.88
121.17
119.26
119.44
120.86
121.41
122.08
122.26
124
128.88
132.15
135.06
137.99
141.81
144.55
146.78
148.4
149.12
149.57
149.41
149.46
149.14
148.55
146.37
144.52
143.37
140.94
138.54
136.53
134.1
131.79
129.79
127.45
126.1
125.28
123.75
123.15
121.48
120.79
119.94
119.71
119.57
118.21
116.65
114.97
113.61
112.5
110.78
108.31
106.26
104.17
102.07
99.971
97.761
96.168
94.75
94.521
94.504
94.914
95.918
97.068
97.989
98.936
99.514
77.686
77.168
75.207
73.796
73.318
72.775
72.314
74.454
76.95
78.471
81.764
84.068
87.132
89.014
90.736
93.646
96.607
99.057
103.6
106.76
110.38
113.33
116.09
119.8
123.28
126.35
129.23
132.21
136.1
139.31
142.31
143.26
144.03
143.63
143.49
142.91
143.32
142.35
143.33
144.25
142.65
139.78
138.09
133.07
130.26
127.84
126.03
126.86
125.1
122.27
120.67
118.71
120.29
122.16
123.04
123.24
125.68
129.3
133.54
136.22
137.61
141.68
145.43
147.5
148.31
148.54
148.74
148.85
149.56
148.93
148.07
146.43
143.58
142.18
139.91
137.73
136.12
133.8
131.69
129.41
127.28
125.61
124.5
124.64
123.17
121.7
120.89
120.09
118.95
118.6
116.98
115.39
114.25
112.23
110.16
108.46
106.61
104.14
101.88
98.9
96.693
95.771
95.104
94.593
94.368
94.743
95.954
96.832
97.104
96.989
97.125
97.6
79.593
77.986
76.629
74.486
73.132
73.425
72.364
73.029
75.821
78.118
79.971
82.643
84.971
87.239
88.871
91.229
94.132
97.193
100.86
105.22
108.09
111.41
113.88
116.54
119.5
123.56
126.61
130.16
133
136.15
138.55
140.65
141.92
141.32
141.39
140.8
141.71
141.21
142.55
142.55
140.43
138.81
137.32
133.43
130.14
128.14
126.77
127.22
126.79
123.44
120.79
120.19
121.22
122.33
122.92
123.9
126.26
129.7
132.96
135.41
137.55
141.56
144.64
145.91
148.25
148.8
149.14
149.38
148.94
148.23
147.68
145.83
143.87
141.95
139.37
138.29
136.73
134.43
132.25
129.77
127.17
125.53
123.99
123.91
122.92
120.86
120.23
119.26
117.38
116.6
115.35
114.07
111.8
109.97
107.47
105.04
102.58
100.31
99.118
96.875
95.35
94.782
94.996
94.261
94.207
95.007
96.082
97.618
98.732
100.15
100.02
100.14
80.186
79.082
76.693
75.307
74.139
73.921
73.225
72.493
73.811
75.846
78.943
80.432
83.486
85.9
87.261
89.721
92.6
95.536
99.121
102.31
105.75
108.42
111.04
113.64
116.68
119.66
123.57
127.4
129.94
132.61
134.77
137.08
138.63
139.08
138.59
138.62
139.51
140.17
140.29
140.39
138.74
136.23
135.54
133.68
130.34
127.92
127.69
126.55
126.41
125.87
123.4
121.32
121.2
122.24
121.56
123.54
126.71
129.84
133.71
136.1
137.72
141.44
143.33
144.9
146.75
148.9
148.49
149.14
148.01
147.46
146.55
145.01
143.69
141.32
139.27
137.58
135.86
133.94
132.26
130.35
127.79
125.56
123.45
121.88
120.6
119.49
119.4
117.4
116.33
114.75
113.18
111.4
109.83
107.03
104.12
102.09
99.954
97.879
95.407
95.221
94.914
95.046
94.964
95.107
95.596
96.014
96.039
96.732
97.236
97.307
98.761
99.739
81.15
79.693
78.975
76.786
75.164
73.764
73.079
72.432
73.471
75.136
77.086
79.304
81.514
83.914
85.586
87.05
89.118
92.639
96.464
99.661
103.12
105.63
107.68
110.49
113.48
116.77
119.59
123.38
126.58
128.01
130.41
132.73
134.89
135.69
136.32
136.42
136.95
137.19
137.73
137.72
136.99
134.72
133.51
131.43
129.94
128.93
126.86
125.04
124.96
126.31
123.89
122.41
122.14
123
122.69
124.34
126.97
130.65
133.54
135.34
137.65
141.45
143.49
144.59
145.82
148.1
147.61
148.67
147.72
146.91
145.4
143.24
142.13
140.69
138.78
136.78
134.57
132.64
130.88
129
127.15
124.94
123.15
120.95
118.86
118.07
116.91
115.46
113.79
112.67
110.21
108
105.24
103
101.09
98.914
96.714
94.829
94.943
94.207
93.818
93.768
92.996
93.846
94.775
95.257
94.689
95.043
96.168
96.386
95.818
94.982
82.414
80.854
79.754
78.036
76.568
74.868
73.539
72.5
72.957
73.843
76.2
78.307
80.336
81.843
83.775
85.732
87.314
90.086
93.054
96.039
99.05
102.47
104.72
107.36
109.82
112.83
116.19
118.79
122.49
125.49
126.82
128.66
130.5
132.11
132.29
133.4
134
134.3
134.81
135.65
134.91
132.51
131.77
129.94
129.14
128.39
125.4
124.24
124.52
125.62
124.1
121.86
122.34
121.24
122.38
124.64
127.38
130.4
132.68
135.09
138.35
141.69
143.51
144.21
145.96
147.26
147.29
147.32
146.07
145.7
143.88
141.76
140.69
139.33
137.62
135.56
133.31
131.41
129.14
127.1
125.72
123.23
120.93
119.07
118.07
117.65
116.15
114.39
112.11
110.16
108.23
105.44
102.41
100.05
97.814
95.657
94.004
93.096
91.157
90.696
90.311
89.657
89.054
88.421
88.614
90.086
90.964
91.725
93.243
94.604
93.732
92.996
82.779
82.275
81.214
79.393
77.889
76.186
74.011
72.004
71.186
72.421
74.393
76.357
78.307
79.471
81.229
83.2
85.918
88.321
90.154
93.104
95.657
98.793
101.06
103.49
105.95
108.99
111.62
114.7
117.63
120.43
122.32
123.99
125.72
127.67
128.2
128.82
130.56
131.61
132.05
132.24
132.04
130.81
129.51
128
127.34
126.95
125.69
123.7
123.09
123.95
124.48
123.84
122.99
121.89
122.46
125.01
127.31
129.96
132.36
135.24
138.12
141.05
143.04
144.39
144.94
146.5
145.88
146.72
145.38
144.07
142.79
140.92
139.32
137.54
136.11
133.97
131.64
129.4
127.56
124.87
123.03
121.65
119.68
117.85
116.6
115.13
113.22
111.03
109.26
107.04
104.39
102.16
99.396
96.496
93.957
90.982
89.982
89.45
88.114
86.746
86.329
85.711
84.696
84.625
85.193
86.157
87.136
87.621
87.95
87.357
87.679
87.689
82.864
82.157
82.164
81.029
79.321
77.232
74.946
73.086
71.393
70.346
71.271
73.793
76.436
78.471
78.957
80.8
83.25
85.389
87.454
90.114
92.896
95.104
97.971
100.14
101.95
104.99
107.72
109.89
112.51
115
117.14
118.32
120.11
122.16
123.51
124.23
125.7
126.95
128.07
128.24
128.22
127.9
128
126.47
126.64
125.25
123.73
122.91
121.24
120.97
122.3
122.7
121.66
121.05
122.53
124.77
126.66
129.41
132.46
134.38
136.25
139.27
140.97
142.41
144.36
145.68
145.38
144.61
143.61
142.18
140.79
138.95
137.08
135.31
133.58
131.69
129.26
127.61
125.85
123.46
121.36
119.81
117.8
115.55
113.08
111.34
109.72
107.58
104.69
101.81
99.096
96.261
92.236
88.661
86.786
85.732
83.625
82.821
82.111
81.618
79.964
79.807
78.843
79.546
80.829
81.775
82.361
81.8
80.957
81.371
83.325
86.296
83.064
82.479
82.339
81.411
79.625
77.411
75.561
73.321
72.482
70.725
70.382
71.007
73.082
75.525
77.675
79.289
80.393
82.868
84.779
86.618
89.079
91.721
93.768
96.132
98.239
100.86
103.47
105.72
108.35
110.41
112.03
113.48
114.61
115.87
117.9
119.52
120.88
122.72
123.54
123.43
123.25
122.49
122.71
122.17
123.6
124.28
123.27
122.67
120.89
119.18
120.06
121.35
120.79
120.86
122.59
123.75
125.85
128.23
129.94
133.29
135.91
138.11
139.81
141.21
142.34
143.09
142.51
141.81
140.89
139.71
137.49
135.99
134.77
133.23
131.78
129.88
127.61
125.21
123.1
121.01
118.99
116.27
113.93
111.51
110
107.44
104
101.04
98.079
94.971
91.425
87.421
84.443
81.507
80.425
78.964
78.204
77.421
76.629
76.518
75.389
75.214
75.164
74.986
75.354
77.214
78.311
80.65
82.143
83.225
84.857
86.568
83.264
82.543
81.807
81.307
80.396
78.4
76.546
74.489
72.811
71.289
70.111
70.161
70.679
72.621
75.057
77.3
78.518
78.821
81.586
84.175
86.043
87.479
89.854
92.104
93.986
96.239
99.032
101.04
103.1
105.62
107.77
108.56
109.5
110.6
111.98
113.62
115.59
116.86
118.67
118.87
118.49
117.64
117.19
117.18
118.35
120.24
120.77
120.53
119.14
117.87
118.6
118.43
118.56
119.39
121.1
123.01
123.86
125.46
127.99
131.09
132.99
135.98
137.7
139.63
141.19
140.14
138.85
139.18
137.58
136.52
135.65
134.49
132.86
131.24
129.47
126.8
124.14
121.54
119.96
118.28
115.81
112.11
110
106.7
103.04
99.564
96.886
94.225
90.907
86.386
82.875
79.793
77.311
75.161
73.286
73.332
73.204
73.679
73.507
72.457
73
72.989
72.896
73.661
73.318
73.929
75.429
75.896
78.204
80.571
82.321
84.15
83.657
83.296
83.05
81.746
80.986
79.714
77.286
75.246
73.125
71.768
70.629
71
71.096
70.675
72.329
73.589
75.779
77.793
78.214
80.382
82.386
84.329
85.829
88.018
90.168
92.404
94.925
97.075
98.618
100.11
102.76
104
104.62
104.81
105.33
107.17
109.29
110.74
112.62
113.25
113.17
112.4
112.11
112.02
113.95
115.1
116.64
116.18
116.35
115.65
116.05
115.79
116.14
116.95
118.26
119.99
121.37
122.49
124.97
127.93
130.16
132.76
134.5
137.28
137.54
137.7
136.62
136.76
135.67
134.1
133.1
131.74
130.32
128.38
125.54
122.99
120.85
118.75
116.22
113.7
110.64
107.2
102.89
99.889
96.043
92.871
89.625
85.575
81.864
78.868
76.479
74.868
73.346
71.996
71.068
70.232
69.943
68.832
68.575
68.721
68.875
69.836
70.596
71.211
71.496
71.007
72.818
75.271
75.671
76.132
78.618
82.329
83.539
83.496
83.625
82.143
80.757
80.6
78.182
76.35
74.736
73.179
71.732
70.614
70.389
70.639
70.979
72.211
73.154
75.304
76.307
77.486
79.414
80.757
82.882
84.311
86.896
88.593
90.661
92.671
94.582
96.543
98.479
99.639
99.936
101.06
100.81
101.05
102.91
104.29
105.93
107.24
107.58
106.83
106.47
106.45
106.72
109.21
110.43
110.41
110.12
110.64
110.67
110.15
111.16
111.9
113.37
116.15
117.82
119.38
122.83
125.04
127.44
128.42
129.96
132.24
133.68
133.4
132.65
131.22
129.7
129.08
127.76
126.39
125.51
123.51
121.65
119.39
117.04
114.4
111.96
108.04
104.06
100.49
96.336
93.014
89.282
85.486
81.896
78.636
76.468
74.318
72.979
71.496
70.064
69.518
69.014
67.782
66.575
66.864
67.004
68.011
68.325
67.321
67.171
67.832
69.493
69.711
70.489
73.439
75.911
78.514
81.286
84.536
83.786
83.321
83.096
82.214
81.075
79.439
78.693
77.971
76.004
74.143
72.821
70.743
70.296
70.111
70.239
69.971
70.911
71.689
73.418
74.593
76.525
78.529
79.132
81.411
82.839
84.814
86.746
88.436
90.829
92.039
93.871
95.757
96.275
96.786
97.007
96.414
97.171
98.993
99.868
100.54
100.71
101.26
101.02
100.71
100.09
101.95
104.07
104
104.61
105.83
106.96
106.86
107.04
107.76
109.56
112.07
114.55
116.44
120.1
122.69
123.75
125.46
125.53
126.97
127.46
126.29
126.23
125.83
125.58
125.85
125.2
123.78
122.22
120.98
118.29
115.01
111.91
108.56
105.11
101.49
97.596
93.75
90.414
86.357
82.736
79.604
76.361
73.625
72.114
70.511
69.064
67.543
66.532
66.332
65.514
64.743
64.221
64.293
64.611
64.596
65.236
65.079
65.057
67.221
68.125
70.5
72.046
73.279
75.479
79.429
82.468
83.979
83.857
83.668
83.479
83.418
81.629
80.543
79.136
77.561
77.057
75.071
73.75
71.911
69.8
69.182
69.118
69.204
68.779
69.164
71.189
72.796
73.8
75.029
76.279
77.9
79.55
81.229
83.043
85.4
86.457
87.225
88.893
90.204
91.025
91.079
91.518
91.879
91.107
91.236
92.479
93.546
93.896
94.057
95.104
95.518
94.354
94.804
96.443
96.993
97.789
99.318
100.32
101.22
103.06
103.85
105.08
107.19
110.1
112.94
114.57
116.62
119.18
120.12
121.67
122.33
121.84
122.29
122.84
123.41
123.28
122.43
121.11
120.66
119.25
117.22
114.63
111.42
107.5
104.22
100.3
96.079
92.221
87.679
83.825
80.575
77.6
74.257
72.461
70.739
68.946
67.614
66.218
64.586
63.296
62.746
62.882
63.039
63.032
62.871
62.236
62.5
63.114
64.346
64.979
65.271
67.496
68.961
71.536
74.332
77.636
79.229
81.111
84.779
84.232
83.971
83.925
83.636
83.018
81.721
80.443
79.243
77.168
76.554
75.121
72.536
70.314
69.589
68.821
68.636
68.246
67.696
68.221
69.293
71.35
72.4
73.714
76.264
77.564
78.036
78.904
79.989
82.725
83.975
85.064
85.571
85.918
85.968
86.018
86.707
86.861
86.246
86.132
86.118
86.193
86.646
87.711
88.586
89.104
87.611
88.104
89.514
89.296
89.957
90.446
92.371
93.725
94.986
97.268
100.04
102.81
104.77
106.9
109.5
111.94
114.23
115.06
115.2
115.9
117.69
120.06
120.26
120.45
120.81
120.62
118.36
115.78
114.13
111.34
107.97
104.27
100.19
96.246
91.964
87.886
83.818
79.707
76.225
72.461
69.807
67.95
66.436
65.225
63.632
62.839
62.682
61.804
60.854
60.543
60.836
61.225
62.079
62.054
62.446
62.796
64.057
65.525
65.889
66.389
68.525
71.05
73.596
76.739
81.321
83.886
86.257
84.221
83.996
83.682
83.336
83.468
82.711
81.711
81.171
79.525
77.339
76.068
74.939
72.575
70.214
68.136
67.118
66.932
66.714
67.2
67.546
68.95
70.879
71.829
72.732
74.789
75.293
75.546
76.061
77.589
79.961
81.346
82.132
82.6
82.296
81.554
81.364
81.296
81.057
81.204
80.696
80.579
79.604
79.082
78.904
78.996
79.321
79.993
81.246
81.829
83.039
84.154
85.75
86.857
89.143
92.854
95.421
97.886
100.53
102.92
104.6
106.61
109.46
112.21
112.66
114.18
116.07
115.88
115.63
116.48
117.1
116.66
115
113.35
110.88
108.78
104.9
99.836
96.282
92.111
88.239
83.318
77.811
74.339
71.275
68.507
67.025
65.557
64.239
63.354
62.318
61.607
60.911
60.596
60.757
60.225
60.532
60.718
61.796
62.507
62.625
62.679
63.082
63.743
65.529
66.925
67.457
69.393
70.982
74.068
77.861
82.079
84.254
84.532
83.661
83.486
83.161
83.182
82.829
82.175
81.329
81.296
79.221
77.657
76.407
74.589
72.179
70.304
68.089
66.425
65.582
66.296
67
67.111
68.204
69.196
70.157
71.664
73.125
73.289
73.757
74.804
74.646
76.207
77.657
77.964
78.207
78.118
77.018
76.525
76.175
74.957
74.068
73.104
71.746
71.111
72.618
72.568
71.843
73.214
74.961
76.632
77.757
80.136
82.086
84.704
86.382
88.143
91.268
94.836
96.914
98.732
100.34
101.96
104.53
106.86
108.81
110.76
111.08
110.96
111.22
112.54
114.39
114.25
113.16
110.8
107.79
105.44
100.9
95.925
91.439
88.086
84.543
78.804
73.861
70.129
67.271
65.507
65.171
64.325
63.014
61.807
61.346
60.654
60.461
60.518
60.704
61.443
61.543
60.814
60.511
60.946
61.475
62.454
63.639
65.104
65.779
66.779
68.979
70.286
70.539
72.339
74.411
77.85
81.018
84.679
84.236
84.05
83.621
83.507
82.782
82.243
81.8
81
80.639
79.439
77.218
76.3
74.632
72.607
71.029
68.939
67.154
65.986
65.171
65.25
65.654
67.307
68.007
67.536
69.386
71.171
70.114
70.336
70.543
71.164
71.307
71.961
71.807
71.496
71.682
71.943
71.254
71.675
70.868
69.404
68.621
67.243
66.089
67.736
68.293
68.868
70.993
71.543
72.696
73.632
74.821
78.346
82.139
85.757
88.396
90.239
93.468
96.893
99.946
101.93
103.69
104.52
105.92
106.31
107.63
107.55
108.75
109.13
109.72
109.06
107.22
104.23
102.15
98.632
94.1
89.879
86.386
83.139
79.432
74.793
70.361
67.786
66.229
65.575
64.186
63.464
62.643
62.571
61.575
60.479
59.436
59.664
60.314
61.421
61.996
62.554
62.432
61.679
60.964
60.693
61.1
62.954
65.521
65.825
66.893
68.25
71.275
73.018
74.154
75.179
79.832
85.014
84.614
84.604
84.275
83.589
83.368
82.85
82.018
81.646
80.736
80.686
78.775
77.361
76.625
74.6
72.825
70.486
69.018
68.286
66.275
64.804
64.907
64.936
65.5
65.9
64.739
65.507
66.875
67.461
67.532
67.357
67.096
66.886
67.668
67.432
67.175
67.604
67.189
65.939
66.964
66.954
65.675
65.657
64.561
64.425
66.314
67.007
67.429
68.036
68.575
69.925
73.014
77.604
79.246
82.45
85.543
88.707
92.482
95.525
99.275
101.69
102.76
104.85
105.49
105.35
105.91
105.9
105.95
106.43
104.77
103.12
100.41
98.636
96.582
92.968
87.575
83.586
81.796
79.414
75.879
72.589
70.157
67.754
66.982
65.536
64.361
62.996
62.079
61.746
60.975
60.418
59.679
59.579
59.957
60.139
61.529
62.746
63.093
62.657
62.679
62.304
61.614
62.021
64.55
65.668
66.025
67.564
69.921
71.807
73.736
76.05
77.418
84.636
84.639
84.593
84.407
83.861
83.364
82.968
82.875
82.15
81.436
81.45
80.539
79.043
77.564
76.557
74.6
73.2
70.532
69.1
68.55
67.043
65.893
65.004
64.875
65.421
65.204
64.311
64.032
64.221
64.204
63.95
63.975
63.782
63.243
64.864
64.843
64.714
65.039
64.686
63.664
63.239
63.857
63.693
64.761
64.189
64.254
64.818
65.218
65.761
67.668
69.589
73.304
76.432
77.832
80.1
84.364
87.564
90.604
94.236
97.811
100.81
103.46
105.23
105.1
103.89
103.32
102.21
101.88
100.83
99.979
98.25
96.046
94.164
90.932
85.779
82.418
80.8
79.246
77.061
73.836
70.779
68.064
66.796
66.093
65.118
63.907
62.775
61.879
61.754
61.829
61.204
61.364
61.204
60.879
60.85
61.696
61.939
63.229
63.443
63.921
63.95
62.821
62.889
64.268
64.689
65.882
66.789
68.207
70.154
72.696
75.414
77.414
84.889
84.946
84.707
84.807
83.907
83.557
83.054
83.229
82.611
81.818
81.325
80.75
79.882
79.025
78.186
77.375
74.921
73.032
71.354
70.625
69.936
68.339
67.457
66.339
65.196
65.014
64.339
63.657
63.529
62.961
63.304
63.782
63.161
61.8
61.382
61.993
61.807
61.907
62.043
62.114
62.011
62.229
62.907
62.543
62.525
62.868
63.914
65.704
66.996
69.05
71.264
73.854
76.043
78.179
81.554
84.282
87.236
90.175
92.211
95.021
98.054
99.254
100.05
101.71
101.81
100.35
99.532
98.743
96.875
95.725
93.929
90.107
87
83.1
80.196
78.236
77.082
76.196
73.479
70.593
67.804
66.539
65.829
64.504
63.675
62.739
62.268
62.068
61.775
61.964
62.357
62.021
61.354
61.268
61.479
61.354
61.471
61.329
62.207
63.207
63.089
63.621
64.111
65.046
65.557
66.429
67.657
68.15
68.671
71.421
73.721
75.714
84.536
84.689
85.118
84.846
84.614
84.304
83.764
82.582
83.107
83.107
82.204
81.596
81.089
80.132
79.371
77.589
76.911
75.175
73.246
72.414
72.136
70.525
69.679
68.704
67.293
66.725
65.893
64.961
64.161
63.364
62.825
62.861
63.389
63.114
61.782
61.375
61.35
60.818
61.946
62.025
61.011
60.839
61.189
61.321
61.236
61.993
63.864
66.304
67.911
69.511
71.1
73.1
75.243
78.282
81.664
83.789
85.596
88.071
91.646
94.039
94.514
94.257
94.768
95.771
94.95
93.789
92.854
90.25
89.389
87.564
85.168
82.446
80.732
79.389
77.439
74.582
72.921
71.714
70.121
67.789
65.75
65.293
64.921
64.707
63.982
62.85
62.704
62.789
62.982
62.671
62.339
62.068
62.029
61.671
61.593
62.386
61.964
61.825
61.254
61.986
63.071
63.193
64.193
66.054
67.396
67.068
68.425
69.064
68.646
69.518
72.186
73.186
84.393
84.686
84.875
84.882
85.225
84.85
84.389
83.582
83.046
83.218
83.318
82.296
81.454
81.318
80.761
79.839
78.079
77.029
75.468
74.182
72.964
72.686
72.021
71.186
70.879
69.854
68.546
67.339
66.657
65.621
64.029
62.889
62.614
62.593
62.607
62.786
62.825
62.168
62.082
60.839
61.064
61.179
61.618
63.154
64.689
65.707
66.846
69.157
70.793
71.543
72.243
74.236
75.721
77.893
82.082
86.154
87.9
89.829
90.104
90.671
90.975
90.654
89.675
88.554
86.689
85.804
85.5
85.057
84.332
82.021
79.993
78.618
76.707
74.804
72.546
71.65
70.311
68.389
67.336
66.482
66.168
65.561
64.521
63.814
64.025
64.839
64.468
63.3
63.182
63.043
62.846
62.846
62.336
62.05
62.064
62.618
62.846
62.496
62.668
62.975
62.943
63.614
64.082
64.943
66.271
66.968
68
69.075
69.221
70.771
72.739
73.8
84.332
84.543
84.464
84.725
84.889
85.039
84.689
84.611
83.682
83.704
83.725
83.289
82.429
81.379
80.679
80.079
79.514
78.429
77.446
76.4
75.661
74.629
74.107
73.657
72.104
71.104
71.129
70.446
69.304
68.332
66.618
65.089
63.768
62.996
62.35
63.004
63.446
63.596
63.196
63.582
63.404
63.718
64.107
65.425
67.439
67.871
69.911
71.946
74.386
76.482
78.107
79.839
82.229
84.118
86.079
88.654
88.336
87.514
87.011
86.643
86.046
85.625
83.943
82.989
82.807
82.068
80.689
79.211
76.621
75.325
73.782
71.939
70.025
68.646
67.989
66.943
67.186
67.018
66.804
65.8
65.261
65.518
65.443
64.95
64.779
64.061
64.15
64.371
63.939
64.311
63.789
63.096
63.071
63.204
62.511
63.043
63.379
63.014
62.479
61.932
62.1
62.729
63.904
65.568
66.125
66.354
67.311
68.625
69.543
70.704
72.425
74.757
84.111
84.361
84.646
84.671
84.721
84.743
84.914
84.921
84.993
84.475
83.725
83.382
83.589
83.182
82.246
80.882
80.164
79.975
79.457
78.082
76.282
75.568
75.996
75.336
74.464
73.35
72.196
71.429
71.821
71.011
70.471
69.479
67.843
66.886
66.4
65.739
65.682
66.321
66.686
67.204
67.086
67.164
67.932
68.486
69.839
71.446
72.9
75.125
75.589
76.904
78.936
80.189
81.846
83.893
85.425
85.671
85.143
85.161
84.825
83.396
82.454
81.457
80.754
79.418
77.521
75.936
75.261
73.907
72.582
71.35
70.775
70.243
69.518
68.839
67.807
66.886
66.314
66.268
66.104
66.561
66.304
65.204
64.657
63.95
64.096
64.279
63.9
63.475
63.55
63.179
62.686
62.436
62.154
62.35
62.736
62.775
63.196
62.932
62.479
62.446
61.814
62.425
63.175
64.743
66.539
67.161
68.3
69.325
69.861
70.779
72.129
74.168
84.132
84.2
84.529
84.504
84.725
84.7
84.818
85.011
84.804
84.636
83.889
84.196
84.107
83.889
83.125
82.071
81.725
81.111
80.368
79.8
77.718
76.546
76.482
76.182
75.275
75.393
75.114
73.939
73.175
72.864
72.393
71.632
70.654
70.118
70.364
70.557
69.696
69.286
69.196
69.932
71.036
71.121
71.314
71.779
71.921
73.243
75.307
75.839
76.832
77.568
78.575
80.221
80.986
81.236
82.139
82.414
81.975
82.493
82.25
82.175
80.782
79.532
78.45
76.382
74.543
73.114
72.639
72.593
72.171
71.854
71.179
70.164
68.843
67.921
67.5
67.164
67.214
66.582
65.946
65.85
65.804
64.814
64.279
63.843
63.604
63.529
63.796
63.907
63.646
63.825
63.329
62.65
62.207
62.757
62.086
62.543
63.189
62.721
63.171
63.264
63.029
62.771
63.886
65.107
66.468
67.525
69.161
71.357
72.068
71.468
72.557
73.357
