85.325
85.575
85.6
85.55
85.75
85.625
85.575
85.5
85.75
85.8
85.65
85.275
84.975
83.9
83.45
82.975
82.65
81.725
80.6
79.875
79.125
78.1
77.625
76.525
75.025
73.65
71
69.1
67.95
66.6
66.325
66.075
65.9
64.8
64.1
64.175
64.8
65.875
66.175
67.075
68.325
69.7
71.375
72.85
74.4
77.05
78.575
78.625
78.825
80.35
82.05
85.35
87.075
87
87.225
87.2
87.4
88.325
88.625
89
88.95
88.125
86.95
86.725
85.375
83.975
83.875
82.425
80.025
78.75
78.225
76.625
74.7
73.2
73.05
73.65
73.3
72.85
72.7
71.725
71.95
71.175
71.125
71.2
70.725
70.5
70.425
70.25
70.65
70.125
69.45
68.65
68.55
69.025
70.375
72.55
72.575
73.45
74.7
75.55
75.6
76.175
77.175
78.725
80.55
83.225
87
92.025
93.825
96.55
99.225
100.65
85.275
85.725
85.65
85.4
85.525
85.825
85.9
85.875
85.575
85.1
84.65
84.825
84.375
83.775
83.025
81.625
80.125
79.575
78.275
77.325
76.575
74.725
73.55
71.775
70.5
68.225
66.7
64.95
63.75
63.775
63.575
63.275
61.95
61.825
62.45
62.85
63.525
64.7
65.175
65.25
66.35
68.95
70.575
72.7
74.575
76.1
79.05
82.75
83.5
84.125
86.15
89.175
91.525
91.675
92.35
93.125
94.675
96.55
97.4
98.1
97.925
97.775
96.75
94.875
93.025
91.475
89.5
87.5
85.275
82.95
81
80.05
78.2
75.425
73.975
73.975
73.15
71.975
71.95
71.25
70.575
70.975
71.025
70.725
70.575
70
69.55
69.8
69.925
70.075
68.925
68.775
68.7
70.4
71.875
72.625
73.575
74.725
75.55
75.85
76.175
76.425
77.25
78.875
80.55
82.975
87.45
91.075
93.425
95.7
99.3
102.9
85.625
85.425
85.7
85.625
85.5
85.65
85.25
85.3
85.075
84.7
84.45
84.025
82.825
81.75
80.6
79.85
78.775
77.35
76.5
75.15
72.8
71.3
69.725
68.725
67
66.275
64.75
63.575
62.925
62.425
61.725
61.275
61.15
61.8
62.275
62.825
63.75
64.325
65.05
66.075
67.7
68.775
70.5
71.775
74.075
76.1
78.55
81.3
84.125
86.9
89.675
91.9
91.9
92.75
92.725
94.525
96.6
98.45
99.7
100.28
101.55
102.2
102.8
102.05
101.22
100.65
99.025
97.8
95.45
91.75
88.35
84.95
82.55
80.35
77.725
74.9
74.125
73.25
72.525
71.775
71.15
70.925
70.575
69.75
69.65
70.125
69.875
69.15
69.6
69.325
68.8
68.6
70.275
71.875
72.125
73.575
74.425
75.525
75.4
75.925
76.525
76.725
77.95
79.775
79.975
83.275
88.125
91.475
94.2
97.5
101.85
105.25
85.575
85.55
85.725
85.625
85.475
85.3
85.25
85.15
85.025
84.65
84.1
82.75
81.175
80.45
79.625
78.175
77.6
76.1
74
72.75
71.6
69
67.975
66.75
65.85
65.1
64.725
64.15
64.225
63.25
62.525
63.15
62.5
62.725
63.825
64.2
64.525
64.325
64.6
64.95
64.925
66.55
69.375
73.675
75.825
76.325
76.65
78.475
81.425
84.525
86.65
91.25
92.475
93.975
96.6
99
101.28
102.75
104.3
105.6
106.58
107.1
107.2
107.72
108
107.15
106.83
107.03
105.75
102.9
99.025
94.325
89.9
85.325
82.725
80.225
77.65
75.55
74.1
73.075
72.4
71.85
71.1
70.3
70.3
70.1
70.025
69
68.925
68.85
69.55
70.3
71.1
71.775
71.9
73.5
74.05
74.225
74.75
74.95
75.45
77.125
79.55
79.8
81.3
85.3
89.225
91.275
95.025
98
101.47
103.92
85.8
85.95
85.875
85.175
85.025
85.3
85.35
85.05
84.575
83.75
82.575
81.35
80.35
79.7
78.375
77.35
75.05
74.075
74.05
72.5
70.65
68.975
66.825
65.125
64.525
64.575
65.975
65.9
66.075
65.05
65.45
65.725
66.825
67.275
66.875
66.725
66.225
65.475
65.25
65.625
67.15
68.525
70.975
74.225
75.275
77.225
78.2
80.275
81.85
85.475
87.15
90.725
94.1
95.85
98.625
102.12
106.42
108.92
111.5
114.33
116.65
117.28
118.38
118.4
117.85
116.47
114.7
114.33
112.28
109.95
107.55
105.2
101.6
96.85
91.125
86.025
83.05
79.875
77.075
75.45
73.475
71.425
71.725
70.875
70.35
70.55
69.75
69.225
68.475
69.1
70.175
70.7
70.875
70.875
72.025
72.925
72.9
73.375
73.35
73.875
76.1
79.875
81.5
82.625
83.75
87.525
91.15
92.85
95.875
99.9
101.83
103.8
86.025
85.775
85.675
85.45
85.225
84.65
84.175
84.025
83.575
82.975
81.325
80.35
79.3
78.1
76.55
74.975
74.175
73.725
72.55
71.675
71.35
69.375
67.175
67.875
67.975
68.525
68.575
68.875
69.575
69.875
70.575
71.25
71.1
71.225
70.15
69.95
69.675
69.925
70.3
70.725
71.825
72.925
74.275
75.375
76.625
79.5
81.55
83.35
84.1
85.325
88.7
92.35
94.6
97.7
101.88
104.83
108.58
112.55
115.7
117.08
119.05
122.92
124.72
124.9
124.83
124.03
123.03
120.7
119.9
116.88
112.92
109.6
108.1
104.15
99.825
94.8
90.9
87.275
84.125
79.25
76.55
74.55
73.25
72.425
71.7
71.125
70.575
69.4
70.45
71
70.425
70.175
69.625
69.85
69.475
69.625
69.825
71.15
73.9
76.85
79.175
80.75
80.925
81.575
83.8
87.5
90.5
93.475
95.125
97.875
101.83
106.05
85.95
85.6
85.7
85.675
85.125
84.7
83.6
83.3
82.375
80.85
80.225
79.375
77.775
76.675
75.5
74.875
73.575
73.35
72.85
72.4
71.225
70.75
71.075
71.65
71.475
71.9
73
73.45
74.175
75.125
75.375
75.45
75.925
75.625
74.975
74.625
75.275
75.65
75.45
76.325
76.575
77.55
79.125
80.975
80.725
83.25
85.225
85.9
89.05
91.425
94.15
95.675
98.4
101.83
104.25
106.08
108.58
111.65
115.3
119.45
122.08
124.42
126
127.95
128.22
129.95
128.4
127.33
126.22
124.78
122.28
119.28
115.55
111.58
107.75
102.85
97.8
94.05
89.7
86.2
82.125
79.4
77.35
75.3
73.7
71.9
71.4
72.575
72.35
70.65
69.775
68.8
67.825
68.25
68.025
69.425
71.05
72.95
75.275
76.45
77.45
79
79.575
80.5
83
85.7
88.55
91.85
95.725
99.275
103.58
105.65
85.525
85.725
85.55
85.4
85.025
84.25
83.45
82.05
81.35
80.6
80.15
78.375
77.175
76.575
75.825
74.55
73.925
73.625
72.9
73.1
73.55
73.325
74.425
74.7
74.575
76.45
77.575
79.4
80.45
81.175
81.825
81.575
80.925
80.825
81.175
81.2
80.925
80.2
80.625
81.875
82.3
82.95
83.875
84.7
86.1
86.7
87.725
89.075
92.7
94.5
95.925
98.325
101.3
103.88
105.8
108.42
110.7
115.5
118.5
120.58
123.72
127.17
129.4
130.78
132.55
134.47
134.93
134.25
133.57
131.05
128.3
125.53
122.8
119.58
115.45
110.75
105.8
101.8
97.475
93.95
89.15
83.7
81.15
79.9
77.95
76.125
75.375
73.6
72.2
71.7
70.65
69.55
69.15
69.275
69.275
71.05
72.55
74.4
75.275
75.925
77.7
78.925
79.15
81.175
84.1
87.375
91.075
94.625
98.025
102.15
105.85
108.67
85.85
85.5
85.4
84.975
84.3
82.975
82.3
81.175
80.125
79.85
79.075
77.8
76.75
75.35
74.95
74.725
74.8
74.05
74.35
75.425
76.2
77.075
78.55
78.95
80.05
82.95
84.325
86.25
86.65
87.15
86.975
86.925
86.875
87.025
86.55
86.725
86.825
87.8
88.55
89.025
89.125
88.4
90.275
92.25
93.35
94.2
94.85
97.05
99.6
101.72
103.83
104.58
105.35
107.5
110.33
112.4
114.58
116.6
119.25
123.17
125.92
129.62
131.7
133.72
135.03
135.93
136.68
135.57
135.05
134.03
132.9
130.72
128.32
126.47
123.15
118.53
113.08
108.35
103.78
99.3
96.075
91.4
86.5
83.25
81.225
79.25
77.6
76.075
74.45
72.775
71.075
70.05
70.925
71.525
72.275
72.3
72.775
74.175
74.575
75.55
77.25
77.95
80.375
83.45
86.45
90.45
94.7
98.75
101.92
104.78
107.55
111.08
85.75
85.5
85.075
84.6
83.75
82.775
81.05
80.325
78.925
78.5
78.2
77.675
75.825
74.875
75.525
74.675
74.35
75.95
77.1
78.525
80.05
82.225
83
83.975
87.35
89.225
90.3
91.2
92.525
92.6
92.275
92.75
93.625
92.8
93.25
93.875
94.975
95.725
96.925
97.725
97.875
99.95
100.5
101.6
100.88
101.47
103.4
105.5
106.75
106.95
107.5
108
110.05
111.95
114.58
116.53
118.5
120.33
121.92
124.88
127.97
130.22
132.43
134.53
136.68
137.15
137.9
138.03
137.22
135.97
135.15
133.75
131.53
130.07
127.28
123.58
119.67
116.53
111.88
106.12
101.88
97.8
93.8
89.9
86.575
83.525
81.075
78.95
76.675
74.95
73.575
72.25
71.25
70.475
71.425
72.35
73.025
73.85
75.1
77.15
80.6
83.75
85.65
88.05
90.775
94.175
97.925
102.35
105.75
106.5
109.15
111.35
85.6
85.425
84.65
84.075
82.95
81.8
80.925
79.825
79.9
78.9
78.625
76.7
75.075
75.825
75.4
75.5
77.15
79.225
80.475
82.15
84.625
85.625
86.925
89.05
91.2
93.475
96.475
97.9
97.875
98.325
99.025
100.05
101.2
102.15
103.22
104.28
105.17
105.35
104.95
104.53
105.35
107.15
107.67
107
107.53
108
110.12
112.08
113
113.38
113.35
113.38
115.62
116.53
117.53
119.08
119.9
122.05
124.85
127.58
130.2
131.5
132.12
134.7
137.65
138.93
138.75
139.65
139.3
138.32
137.5
136.38
134.05
131.6
129.3
126.42
122.97
118.7
115.47
112.25
107.7
104
99.75
95.725
91.5
89.225
86.825
84.675
82.35
79.375
77.325
76.4
75.55
75.025
74.35
74.3
74.75
75.6
78.375
82.175
84.7
86.2
89
90.85
92.25
94.1
97.075
99.55
100.55
102.08
105.25
108.85
85.225
84.975
84.325
83.325
82.25
81.575
80.825
79.925
79.775
79.325
77.5
76.65
76.325
77.075
76.975
77.9
80.5
83.1
84.275
85.625
87.5
88.825
91.75
93.625
96.15
98.975
101.33
102.47
103.72
105.05
106.4
108.75
109.62
109.6
111.33
112.78
113.83
114.25
113.58
113.35
114.3
114.58
115.15
115.78
116.15
116.03
116.85
117.95
117.33
117.2
117.65
117.2
119.4
121.17
122.03
123.38
125.92
128.62
131.3
134.15
136.15
137.9
138.5
138.55
139.68
140.85
141.03
141.45
141.47
139.6
139.07
138.18
136.95
133.8
130.97
128.78
126.2
123
118.67
115.45
111.55
108
105.2
101.47
97.275
93.75
92.325
90.75
88.95
86.35
84.375
82.625
81.475
80.525
79.825
80.45
80.75
81.575
83.575
85.025
87.425
90.175
91.825
93.275
96.175
98.225
98.3
98.125
99.75
102.95
106.67
110.38
84.75
84.175
83.8
83
82.3
81.525
80.675
79.65
79.1
78.35
77.3
77.35
77.575
78.45
79.1
80.9
83.575
85.825
88.125
89.575
91.3
93.625
95.775
98.8
102.28
104.62
105.85
107.15
109.53
111.6
114.65
116.15
116.8
118.12
119.55
120.15
120.03
119.7
119.7
120.03
120.72
120.42
121.83
121.22
121.62
120.97
122.1
123.62
121.5
120.85
122.4
123
125.9
128.2
129.95
130.93
132.65
135.35
138.15
140.7
143.28
145.5
146.72
146.18
146.03
146.43
145.88
144.72
144.43
143.12
141.3
139.97
138.1
135.85
132.72
131.25
129.4
127.85
125.25
121.1
117.35
112.6
109.65
106.8
104.17
101.65
99.075
96.45
93.775
91.425
89.225
86.5
85.775
84.675
84.6
84.3
84.275
85.075
85.575
87.275
89.1
91.625
94.05
96.825
98.6
99.925
102.33
102.9
102.78
105.6
108.3
110.65
84.7
84.075
83.05
83.075
81.55
80.675
80.275
78.975
77.925
77.375
77.55
78.75
78.225
79.15
81.25
84.175
87.025
89.8
92.475
93.375
95.55
97.4
100.72
103.7
107.17
108.8
110.75
113.78
116.4
119.38
121.2
122.47
123.95
125.45
125.85
126.4
126.4
126.2
126.2
128.07
128.05
128.38
128.8
129
128.93
129
129.8
129.1
128.57
128.43
128.72
129.22
131.32
132.47
133.55
135.03
137.6
140.9
143.95
146.28
147.55
149.78
150.93
152.1
151.6
152.03
151.43
149.65
147.38
146.07
144.75
142.43
139.72
136.88
134.32
132.38
131.5
129.85
128.18
125.6
122.38
118.83
114.85
111.38
108.05
105.53
103
100.88
98.725
96.075
93.75
92.025
90.225
89.675
89.225
88.775
89.225
88.975
89.725
91
92.025
93.325
95.325
98.775
99.85
100.28
101.6
103
105.25
107.78
112.1
114.35
84.475
83.775
83.025
82.575
81.375
80.525
80.25
78.55
77.05
77.825
78.55
78.95
80.9
83.375
84.525
87.475
90.3
93.075
95.075
98.375
99.625
101.92
105.2
108
111.33
114.47
117.05
120
122.83
125.28
127
128.5
130.35
131
132.1
132.57
132.5
132.55
133.07
133.15
133.3
134.18
134.12
133.97
134.35
135.38
135.38
134.6
133.18
131.7
131.9
132.57
133.25
134.62
137.18
137.9
140
143.93
147.1
150.47
151.32
153.3
154.68
155.6
155.32
155.57
154
153.65
152.05
149.95
147.62
145.72
144.03
141.5
138.38
136.03
134.15
132.6
130.15
127.88
125.5
123.33
120.12
116.62
113.25
109.97
106.55
103.67
101.3
99.825
98.4
96.975
95.875
94.65
94.8
94.1
94.05
93.275
92.925
93.15
93.4
94.575
97.175
99.25
102.15
104.97
106.05
107.15
109.1
111.5
112.53
114
84.275
83.35
82.875
82.3
80.1
80.075
78.675
77.35
78
78.45
79.025
80.825
83.125
84.875
87.3
90.05
92.8
96.275
99.575
100.95
103.05
106.28
109.5
113.33
116.6
119.53
122.45
124.67
127.58
130.38
132.47
134.65
135.7
136.38
137.1
137.2
137.32
137.25
138.4
138.4
138.35
138.3
137.28
137.1
138.1
137.57
136.8
136.3
134.6
135.38
136.68
136.45
136.03
137.07
139.5
140.95
144.07
147.03
149.97
151.82
153.65
155.8
157.05
157.65
157.62
158
157.05
155.85
154.45
152.65
150.8
148.9
146.72
144.1
141.82
139.43
137.57
136
134.45
132.43
130.47
127.25
124.38
121.28
118.67
115.22
112.33
109.4
107.4
105.5
103.25
101.5
100.3
99.9
98.925
98.475
97.625
96.625
96.375
95.825
95.45
96.425
97.8
98.8
101.55
104.08
107.05
110.67
112.35
113.5
114.5
116.1
83.925
82.875
82.2
81.2
80.275
79.9
78.275
77.75
77.85
79
80.625
83.65
85.625
87.45
90.4
93.125
95.925
99.55
102.22
104.35
106.4
110.33
113.58
116.67
120.7
123.53
126.47
129.28
132.15
135.07
137.18
138.68
139.88
140.35
140.68
140.93
141.68
142.1
142.45
141.68
141.53
142.05
140.78
141.7
141.22
140.4
140.68
139.72
138.6
139.5
139.05
137.03
137.5
138.35
139.55
141.7
144.18
146.55
150.4
153.78
154.9
156.5
158.1
160.3
159.95
159.5
160.5
158.95
157.47
155.62
153.55
152.1
149.78
147.62
145.93
143.35
141
139.72
137.85
136.28
134.12
131.28
128.05
124.67
121.65
119.22
117.08
114.85
112.65
110.62
109.03
106.6
105.17
102.5
101.53
100.35
98.5
97.975
96.65
96.3
97.3
97.525
98.075
100
102.2
106.12
109.72
112.33
113.75
114.62
115.3
115.7
83.2
82.85
81.425
80.5
79.675
78.65
77.65
78.075
78.6
80.575
83.4
86.175
88.1
90.6
92.95
96.225
99.55
102.92
104.9
107.42
109.97
112.75
116.67
120.58
123.95
127.35
130.7
133.8
137.18
139.12
141.62
143.22
143.85
144.62
145.1
144.65
144.85
144.45
143.55
144.05
144.45
144.85
145.3
144.75
144.35
143.1
142.35
140.53
139.75
139.25
137.5
136.1
136.53
138.12
138.82
139.75
142.38
146.38
149.2
153.35
155.75
158.35
158.32
160.25
161
160.32
161.28
161.12
159.43
157.72
155.65
153.6
151.65
149.75
147.78
146.18
143.95
142
140.47
138.78
136.7
134.1
130.53
127.28
124.15
121.75
119.95
118.12
116.92
116.1
113.53
112.1
110.53
108.22
105.28
102.92
101.22
99.525
99.25
99.2
98.9
98.95
100.15
101.5
103.9
105.15
107.6
110.08
112.62
115.4
117.6
117.88
82.625
82.2
81.3
80.875
79.4
79.05
78.175
78.725
80.325
83.275
85.975
87.775
90.675
93.35
95.925
99.025
101.8
104.42
106.83
110.03
112.95
116.35
120.7
124.03
127.25
130.2
133.85
137.38
140.28
142.95
145.22
146.82
147.93
148.35
148.32
148.03
146.65
146.7
147.05
147.2
146.95
148.6
147.55
146.45
145.43
144.07
141.97
140.8
140.05
138.72
137.45
137.25
138.38
139.4
138.93
140.57
142.68
146.78
149.53
153.15
156.22
159.8
160.97
161.72
162.8
162.2
161.18
161.95
161.18
159.95
157.57
155.5
153.47
151.05
149.3
147.3
145.6
143.22
141.35
140
137.9
135.22
133.15
130.85
127.2
124.92
122.58
121.08
120.47
119.22
117.7
116.97
114.97
113.35
111.1
108.92
106.35
104.58
103.15
102.28
101.85
102.12
103.05
102.88
103.22
103.97
105.62
109.2
112.1
114.78
116.15
117.2
82.525
81.825
81.35
80.6
78.75
78.075
77.7
78.75
81.225
85.025
88.125
90.075
93.1
95.2
98.25
100.47
102.92
105.95
108.72
112.8
116.03
119.97
123.38
126.58
129.93
133.57
137.5
140.55
143.32
145.88
148.97
150.75
151
151.65
151.47
149.75
148.78
148.97
149.25
149.4
150.1
150.3
149.93
148.57
146.55
143.2
141.32
140.43
137.93
138.6
138.3
137.05
137.3
137.28
137.75
140.82
143.12
146.32
149.97
153.82
156.22
158.57
161.22
162.65
163.45
164.22
163.47
162.68
161.88
160.32
158.18
156.5
154.95
152.7
150.8
149
146.9
144.72
142.68
140.45
138.35
136.7
134.18
132.03
129.4
126.85
125.6
124.35
123.15
122.05
121.4
119.03
116.33
113.65
112.5
111.53
109.3
107.47
106.08
105.38
104.6
104.75
103.67
102.42
102.5
104.72
107.5
109
110.58
113.47
116
115.62
83.05
82.3
81.775
80.975
78.7
77.775
78.2
79.8
83.625
88
90.175
91.625
95.075
96.825
99.2
102.12
104.88
107.8
111.97
115.28
118.55
121.7
125.1
128.35
132.12
136.78
140.38
143.38
146.57
149.05
151.4
152.82
153.93
154.07
152.78
151.07
150.1
150.62
150.18
150.45
151.7
152
151.12
148.5
145.78
143.82
141.7
140.18
137.6
136.12
135.62
134.43
133.28
135.35
136.57
138.55
141.57
145.3
148.97
153.07
155.9
159.25
160.57
162.93
163.65
163.95
164.53
162.95
162.38
160.95
159.12
157.43
155.15
153.55
151.47
149.8
147.65
144.55
142.47
141.12
139.12
136.75
134.7
133.15
131.47
128.93
126.95
125.92
125.65
124.4
123.08
122.67
121.47
118.78
115.6
112.62
110.8
110.15
109.38
108.58
108.62
106.65
105.22
104.33
103.25
104.2
105.78
107.5
110.17
112.58
115.55
117.45
83.575
83.025
80.625
79
77.95
77.825
78.25
81.275
85.875
89.55
91.725
93.1
95.4
98.25
100.83
103.8
106.83
111.08
115.33
118.03
121.3
123.62
127.1
131.72
135.7
139.4
142.95
145.7
148.68
151.22
153.4
155.38
155.82
155.22
153.65
152.6
151.6
151.72
152.1
152.45
152.78
154.5
152.35
148.4
144.57
142.78
140.18
138.15
135.75
135.28
134.9
134.68
132.47
133.2
135.2
138.25
140.8
144.3
147.43
151.43
155.45
158.97
161
162.38
164.1
163.9
164.95
163.65
162.22
160.88
159.57
158.15
156.18
153.65
151.47
149.97
147.53
145.12
143.18
141.65
140.35
137.55
135.3
134.38
132.8
130.68
128.47
126.75
126.42
126.53
126.3
124.95
123.28
121.45
119.28
117.2
114.92
112.85
111.8
111.4
109.35
108.2
107.65
106.35
105.55
103.88
104.55
106.38
108.08
110.45
113.75
115.83
82.95
81.875
80
77.675
76.925
77.45
79.475
83.825
88.3
91.5
93.525
94.55
97.4
99.55
102.53
105.83
109.05
112.7
116.53
119.97
123
125.7
129.8
133.68
137.25
141.65
145.28
148.5
150.95
152.55
155.38
157.05
156.53
155.97
154.72
152.88
152.18
153.3
153.68
153.9
154.1
154.22
152.25
146.88
141.97
141.7
139.53
136.28
134.82
134.9
134.15
133.55
132.57
133.43
135.1
137.5
141.15
143.3
146.62
151.03
154.45
157.97
160.07
161.93
163.72
163.9
165.15
164.65
162.88
161.38
159.7
159.05
156.93
153.97
151.32
149.25
147.22
145.55
143.68
141.8
139.55
137.8
136.8
136.2
134.15
131.25
129.28
127.92
128.05
127.6
126.85
126.7
125.88
123.28
121.1
118.88
117.47
115.6
113.6
112.05
110.28
108.55
107.35
106.35
105.62
105.03
104.47
105
106.83
109.62
112.83
114.88
82.2
81.05
78.95
77.425
77
78
81.025
85.175
89.325
91.975
94.075
96.5
98.9
100.92
104.08
106.92
110.62
115.03
118.88
122.12
124.28
127.2
131.22
135.05
139.45
143.72
147.53
150.57
152.68
154.88
156.85
157.28
156.97
156.62
154.7
153.28
153.07
153.9
154.1
154.15
153.8
153.35
149.9
144.22
140.28
139.4
138.53
137.3
135.3
133.15
131.62
131.95
131.45
131.82
135.2
137.07
140.2
143.28
145.6
149.53
153.85
156.93
158.75
160.72
162.75
163.95
164.88
165.15
163.6
162.65
162.72
159.97
156.4
153.9
151.03
147.97
146.12
144.88
143.57
141.3
139.32
137.03
135.43
135.3
133.78
130.7
128.65
127.95
129.3
130.53
129.97
128.35
126.85
124.92
122.62
120.92
119.15
117.2
115.25
113.25
111.8
110.22
108.22
107.15
106.1
105.3
104.97
104.33
105.78
107.72
109.85
112.9
81.575
79.675
77.9
77.975
77.6
78.625
82.425
86.375
89.95
92.275
94.525
98.1
99.75
102.03
105.28
108.88
112.72
116.75
120.03
123.08
125.65
129.25
133.22
136.93
141.9
145.95
149.45
152.03
154.35
156.78
157.88
157.97
157.75
156.78
154.82
153.65
153.35
153.97
154.18
154
154.55
152.95
149.12
143.93
140.7
138.88
137.43
136.1
134.05
131.75
130.65
129.88
130.7
131.65
134.72
136.22
139.57
142.7
145.72
149.65
153.45
156.22
158.3
160.57
163.05
164.7
165.32
165.03
163.72
163.45
162.72
160.07
156.78
154.12
151.65
148.82
147.28
145.55
143.53
140.25
138.05
136.62
133.93
134
132.95
131.32
130.3
129.1
129.47
131.3
131.4
129.4
128.1
126.17
124.58
122.47
121.03
119.25
117.42
115.97
113.72
111.45
109.35
106.95
105.6
104.55
103.78
104.22
104.55
105.78
106.83
109.15
80.625
79.1
78
77.375
78.175
80.225
83.925
88.05
90.95
93.05
95.65
98.55
100.47
103.17
106.17
109.92
114.67
118.17
121.8
124.6
127.45
130.43
133.9
138.62
143.57
147.5
150.75
153.2
156.7
158.2
158.75
159.15
158.7
157.38
155.43
154.55
153.62
155.45
154.93
154.38
155.05
153.6
150.45
143.53
141.03
139.1
136.25
133.68
132.43
130.28
130.5
129.28
129.88
130.57
134.07
135.35
139.12
143.2
146.07
148.75
152.47
155.9
158.43
159.78
161.72
165.15
164.85
164.62
162.85
162.93
161.65
159.7
157.25
154.88
152.1
149.7
147.45
145.2
142.65
139.72
136.95
136.05
134.6
133.8
133.57
131.53
129.5
128.72
129.97
131.22
131.18
130.12
128.68
126.72
124.45
123.62
122.58
120.65
118.67
116.5
114.28
111.78
109.47
107.03
103.83
102.4
100.78
100.4
101.33
102.5
104.95
107.2
79.4
78.05
78.025
78.475
78.85
82.55
86.075
89.35
92.75
94.375
95.25
99.05
102.03
103.78
107.53
111.72
115.58
118.8
122.5
126.03
128.3
131.5
136.1
140.75
145.12
148.97
152.12
154.95
157.6
158.72
159.72
160.07
159.4
157.78
157.68
155.7
154.75
156.57
156.28
155.38
155.07
153.5
149.88
143.7
141.03
140.38
137
133.1
133
130.88
129.15
127.4
127.9
128.18
131.78
134.53
138.5
142.22
145.25
147.82
152.25
155.25
157.43
159.55
161.78
164.57
164.62
164.07
163.3
162.05
161.45
159.6
157.35
154.03
151.47
149.57
147.3
144.78
142.22
138.95
136.3
134.62
133.88
132.22
132.5
131.62
129.57
129.03
129.7
131.22
132.12
130.38
129.9
128.82
126.67
124.75
123.33
122.25
120.72
118.83
116.2
112.85
109.42
106.25
103.72
101.75
99.825
97.975
98.05
99.775
102.33
104.33
78.85
78.125
77.55
77.45
80.55
84.45
87.5
89.725
93.35
94.9
95.575
99.375
102.65
105.12
108.47
112.55
115.53
118.7
122.83
126.75
129.78
132.65
137.47
141.82
146.57
150.35
153.53
156.43
158.7
159.68
160.5
161.12
160.35
159.68
158.3
156.3
156.22
156.93
156.68
157.1
158.05
154.1
149.65
143.57
141.3
140.43
136.85
135.22
131.75
129.15
128.38
125.8
126.38
127.78
131.47
134.25
139.35
143.55
145.53
148.1
151.9
155.05
157.05
158.82
160.75
163.62
163.45
163.38
162.32
160.62
159.65
158.4
156.75
153.85
151.15
149.15
147.05
144.1
141.12
138.2
134.7
133.53
133.68
131.07
129.3
130
130.03
129.57
129.65
131.03
133.05
131.7
130.55
129.78
128.28
126.03
124.3
123.53
122.62
120.6
118.05
114.33
110.53
106.4
102.62
99.4
97.9
96
94.775
95.175
98
101.25
77.775
76.725
77.325
79.025
82.05
85.925
88.6
90.525
93.3
95.45
97.025
99.775
103.3
105.85
109
112.65
116.5
119.97
124.38
128.4
131.62
135.12
138.72
142.93
147.3
151.47
155.32
158.25
159.32
160.78
162.25
162.5
161.47
160.1
158.9
157.18
156.7
157.62
157.65
157.82
156.8
154.62
149.18
143.88
142
139.57
136.43
133.97
132.55
128.3
126.62
125.83
126.47
127.3
131.65
134.68
137.55
142.47
145.45
148.82
151.75
154.55
156.8
158.95
161.25
163.38
162.85
162.18
160.43
159.28
159.3
158.22
156.65
153.93
151.32
148.95
146.4
143.12
140.05
137.68
133.82
132.35
132.75
130.6
128.78
128.82
129.75
129.7
129.47
130.53
132.5
132.35
130.28
128.45
128.07
127.22
125.78
125.1
124.33
123.3
120.7
116.55
111.88
107.7
103.3
99.45
96.4
94.6
92.95
93.05
95.25
97.55
77
76.8
77.15
78.8
82.775
86.675
88.85
90.925
94.125
95.8
98.075
101.05
103.58
105.95
108.9
112.67
116.5
120.45
125.12
129.43
132.4
136.03
140
144.18
148.68
153.43
156.8
158.9
160.57
162.1
163.2
163.03
162.32
160.82
160.1
158.25
157.12
158.38
158.18
157.5
155.97
153.45
149.15
144.1
141.55
138.97
136.53
133.85
131.45
129.25
128.28
127.35
128.15
128.57
131.93
135.62
137.85
141.38
144.93
148.4
151.1
154.2
157.03
159.93
161.45
162.45
162.3
161.03
159.93
159.4
159.03
157.9
156.88
154.88
151.3
148.05
145.3
141.43
138.05
135.25
132.15
131.32
132.1
130.53
128.85
128.38
129.18
130
130.4
131.22
132.45
132.93
131.4
129.93
128.62
127.88
126.75
126.28
125.8
124.15
122.5
119.35
115.03
109.83
104.83
100.28
95.95
93.2
91.7
91.025
92
94.35
77.175
76.375
78.375
80.15
83.575
86.55
89.4
91.275
94.075
96.35
97.4
100.05
102.92
105.75
108.88
113.45
117.38
121.58
126.38
130.05
133.2
137.28
140.15
144.3
149.38
154.18
157.5
159.7
161.97
163.45
164.2
164.4
163.25
161.9
160.6
158.85
157.38
157.45
157.78
157.57
155.9
152.12
147.05
143.28
141.18
139.57
137.2
134.62
132.4
130.35
128.93
128.1
128.3
129.55
132.47
133.7
136.6
141.22
144.78
147.6
150.62
155.15
157.6
159.75
160.78
161.35
161.43
159.93
159.7
159.22
158.4
157.72
156.32
153.68
150.65
146.8
143
140.43
136.7
134.32
132.15
131.1
132.62
131.28
127.97
126.78
127.1
127.7
129.75
131.18
133
133.57
132.3
130.82
129.35
128.3
127.85
128.18
127.17
125.7
123.92
121.95
117.5
112.35
106.35
101.47
96.95
93.175
90.875
90.15
89.725
91.625
76.775
76.65
78.6
81.625
84.025
87.375
89.95
92.025
94.675
96.825
97.925
100.33
103.22
107.03
110.03
113.8
118.08
122.7
126.2
130.35
134.2
137.62
140.97
145.2
150.07
154.3
157.4
160.82
163.22
164.53
165.43
165.05
163.82
162.53
161.62
159.07
157.38
157.6
158.15
157.75
155.62
151.57
148.12
144.88
141.4
139.82
136.7
134.72
133
130.68
129.03
129.07
129.7
129.93
131.05
133.28
136.95
141.97
144.65
147.72
150.22
154.72
157.68
159.25
160.43
161.07
160.65
159.4
159.12
158.68
157.85
157.22
155.82
152.82
149.18
145.25
142.15
138.95
136.1
134
131.82
131.8
132.1
130.47
127.95
126.1
125.78
125.72
128.18
131.05
133.85
133.88
132.7
130.78
128.9
128.6
128.78
128.88
128.72
128.45
126.7
123.62
119.05
113.28
107.58
101.72
96.7
92.775
89.675
88.175
88.45
89.85
76.075
76
79.1
81.65
84.25
87.95
89.675
91.975
94.725
96.35
98.375
101.38
104.47
107.6
110.17
114.85
118.78
122.88
126.62
130.55
134.65
137.95
141.65
145.85
150.62
155.28
158.6
161.57
164.1
165.32
165.9
165.6
164.45
163.65
161.9
159.32
158.38
158.43
159.18
158.18
155.7
152.1
147.78
143.62
141.32
139.82
137.4
135.28
133.28
129.4
128.57
129.18
130.38
131.3
132.62
134.55
137.88
141.55
144.65
147.1
151.47
154.12
155.85
158.45
160.53
160.5
159.97
159.6
159.12
158.2
157.3
154.85
153.28
150.95
147
143.32
141.12
138.3
135.15
132.95
132.28
132.05
130.7
128.18
126.7
124.75
124.3
125.62
127.5
130.43
132.68
133.35
132.95
131.4
129.97
130
129.8
130.22
130.82
130.3
128.3
125
119.97
115.08
108.7
102.78
97.375
92.15
88.925
86.975
86.7
87.85
75.5
77
79.375
81.175
84.6
88.125
89.95
92.1
94.55
96.4
97.8
100.15
103.62
106.67
110.12
114.6
118.4
122.67
127.15
131.22
135.03
138.93
142.35
146.82
151.3
155.62
159.93
161.97
164.12
165.78
166.45
166.95
165.93
164.4
162.47
159.43
159.4
158.75
159.28
158.9
155.95
153.03
149.78
145.62
142.45
140.88
138.38
135.22
134.25
130.45
129.8
129.68
130.6
133.05
134.07
136
138.4
141.93
144.25
146.1
149.43
152.35
155.12
157.65
160.2
159.43
159.18
159.12
158.43
157.22
155.62
152.78
150.45
148.35
144.85
142.3
140
137.38
134.32
131.6
130.35
131.05
130.93
128.55
126.33
124.92
124.1
125.22
126.78
129.57
132.28
132.38
131.85
131.68
131.05
130.78
130.93
131.5
131.97
131.75
129.85
126.55
123.05
117.4
110.8
103.62
97.025
92.275
88.625
86.3
84.85
85.25
76.05
77.35
79.225
82.175
84.825
87.45
90.2
91.85
93.9
95.15
97.175
101.12
103.85
107.17
110.92
114.85
118.65
123.1
127.6
131.78
135.82
138.68
142.75
147.28
151.65
156.05
160.15
162.8
164.9
166.47
167.43
167.7
167.07
165.55
163.5
160.32
159.8
159.35
160.2
159.75
156.8
153.8
149.93
146.28
143.18
141.93
140.05
137.62
136.1
132.82
131.72
131.72
131.57
132.55
135.07
137.43
140.3
142
144.53
146.55
148.5
151.45
154.75
157.07
158.53
158.43
158.78
158.22
157.1
155.35
153.22
150.82
147.12
144.75
142.57
140.85
138.9
136.72
133.57
130.47
129.28
130.3
129.85
127.2
126.53
124.6
123.72
124.95
125.95
129.8
131.12
131.45
131.65
131.1
130.25
131.18
130.53
132.05
133
132.72
131.07
128.72
124.17
118.47
112.72
105.58
97.875
92.225
87.75
84.9
83.2
83.125
75.8
77.525
78.75
82.425
84.85
87.25
89.55
91.875
93.9
95.525
97.65
101.12
105.05
107.85
111.28
116.03
120.4
124.5
128.32
131.32
135.4
139.12
143.1
147.47
151.9
156.75
160.32
163.3
166.1
167.25
168.05
168.3
168.1
166.3
164.6
161.57
160.82
160.53
161.05
161.15
157.57
154.8
151.43
147.85
144.25
143.28
141.18
137.95
135.4
133.45
133.18
132.82
132.5
133.45
136.2
137.7
140.22
142.32
143.6
146.4
148.78
152.97
156.28
158.03
159.35
158.7
157.68
157.03
155.38
153.15
150.35
147.95
145.32
143.22
141.28
139.85
137.97
136
132.62
129.6
127.62
128.72
128
126
125.85
125.45
123.12
123.62
125.62
128.62
129.82
130.4
130.82
130.15
129.82
129.95
130.88
132.4
132.6
132.55
131.78
129.68
125.95
120
113.72
107.03
100
93.05
87.725
83.925
82.05
81.5
76.45
78.05
79.725
81.8
84.675
87.175
88.675
91.15
93.15
96
98.375
102.5
105.85
109.22
111.72
115.42
120.03
124.85
128.72
131.55
135.07
138.6
143.45
147.38
152.3
156.75
160.43
163.82
166.35
167.68
168.38
168.6
168.72
167.28
165.47
162.95
163
162.6
162.25
162.35
158.78
155.62
152.43
148.28
145.15
143.85
142.47
140.65
140.2
136.85
134.95
133.6
133.68
134.8
137.45
138.03
138.97
141.88
144.12
147.22
150.65
154.9
156.97
157.97
158.28
157.65
156.8
155.6
152.82
150.6
148.65
146.15
144.22
142.3
139.7
138.1
137.72
135.65
130.8
127.33
126.72
127.95
127.33
124.42
123.7
124.47
122.78
122.75
124.65
127.38
128.75
130.07
130.12
129.72
129
129.35
130.78
132.85
133.65
133.62
132.72
130.22
126.33
121.5
115.47
108.33
100.3
94.075
88.225
83.875
80.7
79.75
77.475
79.7
80.475
82.35
85.475
87.45
88.825
90.75
93.15
95.6
98.75
102.42
105.8
109
112.15
116.65
120.15
124.92
129
132.12
135.97
139.2
142.53
146.7
152.05
156.18
160.25
164.07
166.53
168.1
169.07
169.55
169.85
168.22
166.07
164.22
164.2
164.35
163.68
162.93
160.9
157.8
154.3
150.25
147.32
146.18
144.43
143.78
142.22
140
136.2
134.62
134.12
134.4
135.25
135.4
137.32
140.82
143.85
148.68
152
155.4
158.55
159.07
158.12
157.93
155.9
153.47
150.88
148.88
146.72
144.12
142.97
141.35
138.32
136.95
135.3
133.82
129.72
126.78
126.3
126.08
126.05
124.65
123.83
122.22
120.72
121.1
123.1
126.5
128.22
129.25
129.05
128.68
128.88
129.57
129.8
131.32
132.57
133.45
132.95
131.5
128
122.22
116.12
109.33
102.05
94.475
88.4
83.6
80.85
79.05
76.625
79.2
79.875
82.45
84.95
87.2
88.575
90.625
92.7
96.1
99.475
102.33
105.25
108.55
111.83
116.33
120.4
123.85
127.78
131.1
135.03
139.3
143.1
147.38
151.72
156.57
160.35
163.97
166.18
167.95
169.38
170.25
170.07
168.88
167.07
165.72
165.18
164.9
164.32
163.82
161.93
159.2
156.2
152.03
149.55
148.5
147.15
144.95
143.4
140.7
139.1
137.12
136.85
134.97
134.57
137.5
139.4
141.22
143.85
148.53
152.5
156.38
158.38
158.57
157.25
155.85
153.55
152.18
149.62
148.2
146.8
144
141.5
139.82
137.85
135.75
133.5
130.28
127.9
126.08
125.28
123.83
124.28
124.9
125.05
122.42
119.62
119.22
120.33
124.4
125.88
127.78
127.78
127.38
128.1
128.15
128.55
131
132.8
133.38
132.75
131.25
128.15
123.3
117.35
110.9
103.9
95.225
88
83
79.4
77.725
76.925
78.2
80.125
82.55
84.775
86.675
88.175
91.025
94.3
96.675
98.925
102.03
104.92
107.92
112.28
116.17
120.15
123.78
127.1
131.5
134.78
138.8
143.7
147.6
151.82
156
159.8
163.18
166.18
167.9
169.38
170.72
170.82
169.57
167.97
166.78
166.68
165.72
165.2
164.07
162.72
159.72
156.25
153.43
150.9
149.8
149.25
146.65
144.03
140.43
137.75
135.78
134.32
134.75
137.43
138.95
140.8
144.88
147.55
150.47
152.93
156.1
156.95
156.78
155.25
153.78
152.38
151
149.03
146.1
144.18
141.82
139.7
137.53
136.3
134.78
132.47
129.25
126.03
124.33
124.05
122.95
122.8
122.75
123.12
121.83
118.28
118.92
119.65
123.55
125.3
126.55
125.97
125.83
126.75
127.35
128.93
130.8
132.18
133.1
132.8
130.82
128.25
123.95
117.65
110.65
103
95.3
88.125
82.275
78.675
76.95
76.675
78.15
80.35
82.625
85.375
86.725
88.025
91.45
94.65
96.825
100.12
102.55
105.03
108.38
112.72
116.53
119.65
123.28
127.17
130.4
134.32
138.6
143
147.28
151.57
155.9
159.85
162.75
165.9
167.93
169.75
170.43
170.65
169.97
168.85
166.97
167.43
166.97
166.15
165.4
163.55
161.95
158.38
156.45
152.62
151.5
149.9
147.18
144.8
141.88
138.55
136.32
137.18
137.85
139.72
140.78
145.2
147.7
149.62
152.32
154.82
156.43
156.72
154.95
153.78
153.1
152.6
151.3
147.85
144.88
141.95
139.97
138.18
135.7
134.4
133.18
130.72
127.47
124
122.17
122.67
122.47
122.58
122.35
122.15
119.38
116.55
117
118.88
121.67
123.83
125
125.05
124.42
125.28
126.38
128.18
130.38
131.68
133.07
132.5
130.93
128.32
123.75
118.15
111.15
103.67
96.075
88.325
82.475
78.075
76.6
76.8
78.375
80.3
82.25
84.525
86.875
88.3
91.625
94.3
97.35
100.1
103.6
105.97
109.3
113.05
115.78
119.28
122.15
126.9
131.15
134.9
138.3
142.55
146.88
151.45
155.97
159.15
162.47
165.6
168.03
169.62
170.88
170.38
170.25
169.85
168.28
168.18
167.6
166.65
166.45
165.03
163
160.75
157.07
153.97
154.6
152.25
148.3
145.28
143.68
140.35
138.22
139.07
140.28
141.4
144.6
148.28
150.93
152.18
153.6
154.97
156.43
156.72
154.88
153.62
153.2
153.05
151.55
147.32
143.78
141.6
138.4
136.05
134.6
133
130.95
129.85
126.97
122.67
120.42
120.72
120.95
121.4
121.15
121.6
117.83
115.1
116
117.38
119.78
122.97
124.2
124
124.2
124.8
126.05
127.55
129.65
130.57
131.32
131
130.18
127.97
124.45
118.33
110.92
103.1
95.325
88.775
82.75
78.625
75.85
76.525
77.925
79.9
81.575
83.85
86.55
88.075
91.35
93.55
97.05
100.08
102.72
105.53
109.38
112.53
115.6
118.38
121.95
126.38
131.12
134.7
137.88
141.78
146.65
151
155.2
159.03
161.88
165.22
167.45
169.45
170.82
170.55
170.38
169.88
169.18
169.18
168.78
167.53
167
165.78
163.95
161.53
159.25
155.38
155.12
154.32
151.72
148.9
145.1
142.53
141.9
142.43
143.78
145.57
147.8
150.07
152.07
153.38
153.82
155.57
156.35
156.65
155.6
154.8
154.32
154.38
152.15
148.4
144.82
141.95
139.7
136.8
134.53
133.25
131.25
129.18
126.83
122.97
120.83
120.5
120
121.05
120.03
120.17
117.67
113.97
114.42
116.1
118.25
122.58
122.95
123.25
123.12
123.72
124.5
126.47
128.57
130.18
131.38
132
130.7
127.95
123.7
118.5
111.65
103.83
95.575
88.325
82.15
77.475
75.425
75.7
77.3
79.525
81.575
83.2
85.625
87.6
90.225
93.625
96.85
99.525
102.5
105.75
109.12
112.75
115.72
118.47
122.53
127.03
130.95
134.93
138.07
141.55
146
150.4
154.65
158.8
161.97
164.65
166.5
168.82
170.47
171.05
170.28
170.22
169.4
169.5
169.5
168.47
167.38
166.15
164.65
161.62
159.93
156.35
156.03
155.57
151.72
149.2
146.78
144.9
145.3
146.53
146.35
147.38
148.6
151.03
153.3
154.3
154.85
155.95
156.85
157.15
156.15
155.93
154.95
154.03
151.97
149.07
146.22
142.75
139.4
137.55
135.35
133.88
132.18
129.05
126.67
123.62
121
120.5
120.17
121.97
121.4
120.42
116.3
112.65
113.5
114.58
117.35
120.72
121.4
121
121.05
122.45
123.95
125.47
127.78
128.95
129.72
131.38
130.53
127.8
123.33
118.08
111.55
103.9
96.225
88.775
81.6
77.275
75.2
75.6
76.9
79.225
81.95
83.9
85.4
88.7
90.7
93.2
96.55
99.6
102.58
105.4
109.2
112.67
116.15
119.17
123.12
127.38
130.88
133.75
137.75
140.85
145.38
149.93
153.72
157.85
161.72
164.55
167.15
168.95
169.97
170.93
171.03
170.5
169.6
169.72
169.45
168.55
167.97
166.9
164.97
162.53
160.4
156.7
155.03
154.72
151.45
149.65
147.55
147.05
147.65
148.12
146.57
146.72
148.8
150.88
153.2
155.22
156.03
156.12
156.4
157.7
157.18
155.82
155.25
153.85
151.3
147.65
146.18
141.8
138.75
137.22
135.38
133.78
131.65
129.3
125.75
123.47
120.45
119.35
119.28
120.85
120.38
119.6
116.2
113
113.83
114.25
114.88
119.65
120.42
120.6
120.95
121.53
122.78
125.1
127.15
128.65
129.82
130.68
130.12
127.12
122.97
117.1
110.97
103.85
96.225
88.925
81.625
77.2
75.1
74.7
76.65
78.45
82.025
84.075
85.5
88.6
91.225
93.1
96.725
99.825
102.05
105.08
108.65
112.35
116.08
118.78
122.47
126.42
129.85
133.25
136.6
140.82
144.68
148.88
153.3
157.38
161.2
164.38
166.5
168.57
170.35
170.8
170.68
170.78
169.55
169.4
168.78
168.2
167.78
166.62
165.85
163.05
159.3
156.05
154.68
155.1
152.1
149.68
148.38
148.38
147.72
147.3
147.15
146.65
148.62
150.95
153.22
154.53
155.43
156.22
155.88
156.65
157.9
156.93
155.4
153
149.7
146.97
143.45
139.8
136.85
134.97
134.38
132.7
131.53
128.85
125.83
122.33
119.67
119.08
119.28
121.58
120.88
118.67
116.03
112.17
113.35
114.03
114.28
119.42
120.42
119.85
119.4
119.58
122.12
124.03
126.3
128
129.05
129.53
128.55
126.12
121.97
116.42
109.8
102.95
95.35
87.95
80.85
76.45
74.85
74.675
76.15
78.85
81
83.475
85.35
88.35
91.45
93.15
96.375
99.575
102.8
105.03
108.2
112.05
115.67
118.85
122
125.6
129.3
132.72
136.18
140.43
144.62
149.25
153.18
156.62
160.03
163.47
166.25
167.82
169.4
170
170.22
170.3
170.07
168.97
168.38
168.22
167.47
166.43
165.07
161.55
160.05
157.12
154.05
153.85
151.4
149.6
148.03
147.28
146.5
145.6
144.43
145.32
147.8
149.47
151.9
154.35
154.6
155.03
155.95
155.97
155.65
155.68
153.93
151.25
148.43
146.07
143.45
138.95
136.78
134.6
133.03
133.22
131.1
129.07
126.38
123.65
120.85
119.2
119.28
119.83
118.85
117.42
116.03
112.8
113.62
113.55
113.08
117.33
119.25
118.9
119.17
120.22
121.55
123.47
125.95
127.22
128.75
128.7
127.72
125.92
121.9
116.2
109.22
102.28
94.3
87.075
81.075
76.525
73.9
74.45
75.875
78.075
80.325
82.25
84.85
88.225
90.95
93.65
96.575
99.375
102.97
106.22
109.28
112.9
115.45
118.67
122.38
125.62
128.82
132.72
136
140.35
144.22
148.2
152.05
156.22
159.43
162.32
165.15
167.4
168.97
169.38
169.43
169.3
168.72
168.53
167.28
166.75
166.6
165.5
163.25
159.22
156.75
155.45
153.45
152.35
149.3
148.88
147.32
145.45
143.7
143.07
143.07
143.5
145.72
148.75
151.28
152.85
154.25
155.22
155.35
155.18
155.7
154.4
152.7
149.35
146.57
144.85
142.35
139.53
136.45
134.28
132.35
132.43
131.45
128.97
126.75
123.95
121.35
119
118.3
119.38
118.97
117.22
114.72
112.8
112.58
112.22
112.83
117.12
119.1
119.42
118.92
119.67
122.12
123.72
125.7
127.1
128.38
127.95
126.85
124.22
120.72
115.05
108.42
101.45
94
86.65
81.225
76.95
74.75
75.65
75.5
77.425
79.375
81.85
85.025
88.25
90.7
93.375
97.075
100.1
102.7
105.6
108.97
112.6
115.6
118.1
121.15
124.92
128.78
132.47
136.6
140.1
143.1
147.1
151.65
155.82
159.28
162.07
164.78
167.03
168.43
168.65
168.97
168.43
168.1
167.38
166.95
166.32
165.75
164.18
161.47
157.5
156.55
155.25
153.07
152.32
147.72
145.4
144.12
143.55
142.78
142.6
142.43
141.82
143.3
145.47
148.97
150.6
151.03
151.72
153.07
153.7
154.28
153.35
150.97
147.9
145.57
144.07
142.12
139.68
137.25
134.6
132.78
132
130.7
128.35
125.95
123.8
121.72
118.75
117.7
117.88
117.28
116.78
115.42
112.4
110.97
111.47
111.9
115.88
118.8
119
118.88
119.3
120.45
122.65
124.97
126.12
127.17
127.38
126.15
123.45
118.92
114.08
107.53
100
93.4
87.05
81
76.825
74.275
75.65
75.05
77.1
79.525
81.575
84.275
88.15
90.15
92.575
96.175
99.825
102.33
105.72
108.35
111.7
115.6
118.47
120.9
124.88
128.53
132.62
135.65
139.1
142.95
147.47
150.6
154.75
158.62
161.32
164.15
165.97
167.6
168.4
168.75
168.6
167.82
166.75
165.53
163.97
162.45
162
159.62
156.57
155.68
154.45
151.6
149.65
146.25
144.05
141.62
141.7
142.05
139.88
139.25
139.28
139.7
143.68
146.38
147.65
149.22
149.85
150.53
151.53
152
151.03
149.5
146.8
145.07
142.9
140.38
138.18
136.78
135.5
133.6
132.8
131.5
128.75
125.88
123.42
122.1
119.58
118.75
118.2
117.7
116.53
116.75
113.53
111.75
111
111.55
115.78
118.67
118.75
119.33
119.95
121.7
123.55
125.22
126.45
126.95
126.45
124.92
122.53
118.6
112.95
106.17
99.45
92.775
86.375
81.65
77.15
75.125
76.225
76.8
76.925
78.575
80.575
83.3
86.9
90
92.2
95.775
98.9
102.03
105.3
108.22
111.03
114.88
118.05
120.83
124.28
128.72
132.4
135.93
138.75
142.28
146.65
150.32
153.95
157.53
160.88
163.32
165.5
166.68
167.03
167.55
167.47
167.4
165.97
164.8
163.15
161.62
161.38
159.35
155.32
153.97
152.6
149.55
148.15
145.35
143.12
141.28
139.53
139.25
137.55
136.82
137.4
139.07
141.07
143.3
144.88
146.7
147.7
148.8
150.55
150.32
149.78
147.45
145.72
143.7
142.05
140.53
138.82
136.7
135.65
134.32
133.12
130.97
128.88
126.12
122.8
121.72
119.62
119
119.3
118.53
117.83
116.83
113.45
111.97
111.25
112.08
116.55
118.8
119.12
119.33
120.03
121.55
123.58
124.6
125.28
126.08
125.53
123.92
120.95
117.05
111.88
105.75
98.925
92.175
86.65
81.45
76.525
76
75.4
76.05
77.175
77.2
79.75
82.775
85.05
89.05
91.6
94.325
97.5
100.7
104.22
108.15
111.4
114.95
117.45
120.33
123.78
128.18
132.12
135.57
138.65
141.47
145.35
149.22
153.55
157.43
159.75
162.22
163.93
165.22
166.07
166.45
166.25
165.93
164.4
162.95
162.07
160.78
159.25
156.62
153.62
152.5
151.32
148.2
146.18
142.3
141.05
138.88
137.8
137.9
136.2
135.47
135.05
136.8
139.28
140.22
141.55
144.62
146.68
148.62
150.32
150.35
148.85
148.05
144.43
142.72
141.32
139.82
138.47
137.25
136.03
135.03
133.97
131.88
129.18
125.1
123.03
121.65
119.88
119.4
118.15
117.47
118.15
117.45
115.03
111.9
110.83
112.95
117.05
118.4
118.78
119.4
120.35
122.03
123.67
124.92
124.92
124.97
124.28
122.58
120.03
115.72
110.7
104.97
98.125
91.525
85.3
80
76.725
77.025
74.925
75.075
76.1
77.675
80.125
82.875
85.475
88.55
91.625
93.925
96.75
100.5
103.42
106.88
110.5
113.8
117
120.42
123.65
127.33
130.9
134.38
137.45
140.57
144.88
148.38
152.2
156.22
158.72
161.72
163.25
163.4
164.5
164.9
164.72
164.3
162.5
161.7
160.82
159.35
157.6
154.53
151.35
150.55
149.72
145.75
143.05
139.45
138.07
136.05
135.62
134.3
132.72
131.78
133.4
135.28
135.7
136.7
138.68
141.47
144.4
147.57
150.03
151.15
150.12
149.2
145.78
143.68
143.15
141.4
139.57
138.3
136.7
135.4
134.25
132.85
130.45
126.38
123.7
121.6
119.38
119.97
119.97
119.2
120.38
118.6
115.83
113.08
111.4
114.28
117.92
119.67
119.88
119.9
120.08
121.47
122.95
124.1
124.53
124.7
123.35
121.53
118.53
114.7
109.22
103
96.675
90.8
85.35
80.95
77.325
79.275
74.575
74.275
75.3
77.375
79.825
82.275
84.925
87.65
90.8
93.65
96.725
100.4
103.53
106.45
109.5
113.1
116.95
120.95
124.45
127.25
130.47
133.4
136.2
140.07
144
147.8
151.2
154.35
157.65
159.95
161.82
162.22
163.03
163.43
162.93
162.47
162.1
160.28
158.88
156.93
155.28
153.43
149.88
148.47
146.32
142.22
138.75
136
135.1
133.3
132.93
132.43
131.2
130.15
130.32
132.25
134.8
137.12
138.05
141.93
144.7
147.28
148.97
150.05
151.47
149.47
145
143.5
142.9
143.25
141.78
140.4
138.65
137.03
135.62
132.95
131.75
127.95
124.9
123.1
120.5
119.9
119.88
119
120.17
118.5
116.28
114.95
113.6
115.7
119.53
120.92
121.7
121.15
120.95
121.4
122.6
123.78
123.35
123.1
122
119.95
116.83
113.25
108.2
102.45
96.05
90.35
85.2
80.55
79
80.875
74.875
73.8
74.125
76.75
78.975
80.875
83.7
86.55
89.675
93.225
96.2
99.175
102.6
105.4
108.53
111.75
116.65
120.7
123.5
126.83
129.22
132.9
136.68
140.12
143.4
146.68
150.38
153.25
156.28
158.97
160.3
161.32
162.22
162.05
161.3
160.95
160.57
159.32
157.03
155.05
153.1
151.18
147.78
145.45
141.95
138.57
135.55
133.62
131.93
129.9
129.35
129.32
127.85
128.43
128.93
129.82
132.5
136.2
137.45
140.07
142.78
146.53
148.62
148.45
148.82
148.3
145.68
144.05
144.05
143.95
143.05
141.15
139.55
138.57
136.9
134.93
132.4
129.3
125.9
123.88
121.05
119.83
119.78
119.3
120.62
118.88
116.6
115.22
114.45
117.4
119.62
120.62
121.17
121.22
121.3
121.7
122
122.58
122.65
121.53
120.58
118.65
115.3
111.97
106.25
100.38
95.05
89.375
84.425
80.55
80.95
82.65
74.075
73.4
74.225
75.35
77.95
80.575
83.275
85.975
88.975
92.125
95.25
99.15
102.53
105.17
107.5
111.1
115.33
119.67
122.75
125.65
128.85
132.5
135.93
139.45
143.15
146.53
149.62
152.38
155.2
157.7
159.3
160.7
161.7
161.53
160.07
159.05
158.4
156.6
155.1
153.95
151.9
149.78
146.07
143.4
141.78
139
135.15
131.47
130.53
128.7
127.47
127.1
125.9
125.97
125.7
127.62
130.97
134.05
136.62
139.3
141.57
143.38
146.93
149.2
148.45
148.45
146.88
146.05
145.25
144.88
144.03
142.9
140.72
139.25
138.65
136.75
134.28
130.68
127.12
124.62
122.5
121.72
120.78
120.85
122.05
120.2
118.22
116.8
116.58
118.65
120.22
121.7
121.88
121.72
121.8
121.47
121.42
122.2
121.47
121.05
119.3
117.03
114.38
110.03
104.9
99.7
93.75
89.025
84.525
81.775
83
85.025
73.8
73.525
73.65
75.275
77.35
79.65
83.225
86.525
88.675
91.025
94.175
97.625
100.75
103.5
106.25
110.28
114.25
118.38
121.45
125.03
128.6
131.57
134.28
138.15
141.88
145.72
148.38
151.25
154.38
156.78
158.32
159.65
160.55
159.97
158.82
157.78
156.57
154.1
152.88
151.95
150.6
148.32
145.4
141.62
138.7
135.15
131.53
129.72
128.8
126.12
126.85
126.3
125.1
124.75
124.53
127.22
129.7
131.9
135.43
139.07
140.9
143.95
147.05
148.95
149.25
150.18
149.57
149
148.68
147.53
145.47
144.03
143.05
141.4
140.18
138.2
135.62
131.57
127.6
124.4
122.4
121.75
121.33
121.55
121.72
119.22
117.53
117.38
117.38
118.72
120.6
121.72
122.1
121.8
121.35
121.4
121
121.22
120.75
119.75
118.38
115.95
112.5
108.9
104.5
98.875
93.275
87.975
84.15
83.425
84.925
86.625
73.65
72.85
73.65
75.625
76.35
78.625
82.125
85.55
87.675
90.325
93.125
96.225
98.925
102.58
105.62
109.1
112.75
117.2
120.75
124.17
127.03
130
133.68
137.15
141.03
144.65
147.45
150.53
153.07
155.53
157.25
158.18
158.93
158.6
157.9
156.47
155
153.57
151.65
151.18
149.78
147.53
144.8
140.57
137.57
134.72
131.93
128.2
127.67
125.12
123.55
123.7
122.03
122.75
124.8
126
127.8
130.9
134.03
138.2
141.93
143.85
147.6
150.32
150.82
151.5
151.22
150.43
150.45
149.38
147.3
145.78
143.97
142.43
140.57
137.65
136.07
132.88
128.07
124.72
123.62
122.38
122.35
121.6
120.35
119.22
117.92
118.55
119
119.12
120.05
121.97
121.92
121.55
121.65
121.47
121
120.12
119.12
118.17
116.9
114.25
110.65
106.92
101.22
97.075
91.55
87.7
86
86.225
86.95
88.775
74.125
72.725
72.75
74.375
77.075
78.425
80.925
84.35
87.475
90.475
91.9
94.475
97.6
101.22
104.7
108.8
111.95
115.6
119.08
122.95
127
129.8
133.12
136.65
140.28
143.72
147.05
149.43
152.28
154.75
156.28
156.97
157.82
157.07
155.6
154.15
153.12
152.43
151.82
150.72
150.15
146.93
143.3
139.57
137.12
133.4
130.28
127.35
126.03
124.3
123.9
124.28
121.62
121.97
124.35
126.28
128.32
130.1
133.53
137.45
141.5
144.25
147.15
150.1
152.03
152.35
151.18
150.3
150.88
150.8
148.75
146.85
144.6
142.4
141.28
138.78
135.95
132.78
129.18
125.5
123.08
123.25
123.08
122.88
121.03
119.25
118.3
118.88
119.85
120.25
121.6
121.95
122.38
121.53
120.62
120.15
119.45
119.03
118.22
116.35
114.53
112.45
109.1
105.05
100.33
95
90.225
87.525
87.725
87.7
89.275
90.775
74.175
73.25
72.75
74.5
75.475
77.875
80.875
83.075
87.075
89.625
92.025
94.1
96.85
100.03
103.65
107.67
111.47
114.6
118.08
121.83
125.3
128.75
132.12
135.85
139.8
142.95
145.8
148.43
151.12
153.15
154.85
156.12
156.32
155.47
154.3
152.88
151.93
150.68
150.15
149.62
149.22
145.6
142.72
138.9
135.22
133
129.28
126.97
126.62
124.55
124.92
123.67
121.53
121.53
122.38
126.25
129.32
131.65
133.43
137.2
141.68
143.85
145.93
149.05
150.47
151.7
151.75
150.4
150.55
150.3
149.57
148.8
145.3
141.97
140.3
138.18
135.97
133.53
130
126.53
123.55
123.62
124.53
123.6
122.17
119.75
118.35
119.12
120.17
120.95
122.2
122.1
121.62
120.9
120.12
119.78
119.25
117.3
116.55
114.55
113.1
110.8
107.08
102.72
98.1
93.55
90.75
89.95
88.875
88.85
90.525
91.975
74.2
73.375
73.325
72.925
74.475
77.425
80.75
82.05
85.1
88.125
90.625
93.325
96.325
100.28
102.47
105.75
109.1
113.38
117.1
120.83
124.62
127.5
130.82
134.93
138.4
141.53
144.7
147.18
149.93
152.28
153.97
155.07
155.22
154.88
152.95
151.3
150.55
149.68
148.78
148.03
147.12
145.28
142.38
139.7
134.45
131.38
128.65
126.33
124.97
123.17
124.03
122.6
119.83
119.3
120.6
124.47
128.6
131.35
131.85
135.28
140.03
143.55
145.68
148.38
150.47
151.12
150.57
150.7
150.47
150.28
149.15
147.93
145.2
142.18
139.7
138.07
135.65
133.53
130.8
127.65
123.7
123.78
125.58
124.9
123.05
121.55
120.85
120.83
121.9
122.4
122.05
121.7
120.97
120.6
119.25
117.95
117.28
116.95
114.92
114.03
111.95
108.85
105.22
101.5
97.625
94.525
92.075
90.775
90
90.65
92.325
93.9
73.775
73.675
74.175
73.7
73.525
75.625
79.2
81.85
84.4
87.475
89.325
91.85
93.5
97.25
100.83
104.35
108.08
111.35
115.6
118.85
123.1
126.12
129.12
132.88
136.62
140.3
143.22
146.07
148.72
150.85
152.68
153.75
153.6
153.43
152.07
150.12
149.65
149.18
148.62
147.6
146.7
144.88
141.97
139.47
134.97
132
128.32
125.47
124.3
124
122.4
120.9
120.17
118.92
120.55
121.9
125.88
129.55
131.47
134.65
138.88
142.53
144.45
146.9
149.85
150.97
150.6
150.62
150.47
150.1
149.4
148.2
145.3
142.12
139.45
137.95
135.12
132.45
130.45
128
125.22
123.75
125.15
125.38
123.4
121.6
121.4
122
123.1
122.53
122.05
121.78
121.28
120.12
117.95
116.6
116.33
115.15
113.92
111.9
110.12
106.8
103.2
99.8
97.05
94.45
92.15
90.875
91.05
92.15
93.6
95.7
74.6
73.3
73.55
73.55
73.85
75.225
78.275
80.825
83.425
85.65
88.625
90.85
93.175
96.35
99.975
102.97
106.38
110.03
113.28
117.4
120.65
124.1
127.35
130.9
134.4
137.82
141.03
144.62
146.95
149.18
150.6
151.8
152.15
151.5
150.28
149.25
148.85
148.68
149.43
149.03
146.82
143.95
141
137.97
134.38
130.95
128.32
124.42
123.7
123.4
120.33
118.4
118.12
118.3
118.88
120.62
125.6
128.72
132.22
135.28
138.22
142.03
143.3
145.88
148.78
151.18
151.55
150.22
149.85
150.12
149.03
148.03
145.45
142.6
140.57
138.38
135.78
132.62
130.38
128.4
125.28
124.88
125.75
125.05
122.72
121.28
120.92
121.88
122.6
121.97
121.6
121.53
120.65
118.88
116.9
115.42
114.42
113.12
111.85
110.67
107.97
104.72
101.65
98.7
96.2
94.35
93
92.175
92.775
93.875
95.125
97.45
76.85
75.125
73.25
72.475
72.95
73.9
76.375
79.65
82
84.9
86.975
89.9
92.375
94.825
97.575
101.47
104.83
108.2
112
116.3
118.85
121.47
124.95
129.28
132.78
136.35
139.32
142.62
145.88
148.35
149.82
150.78
151.1
150.57
149.55
148.72
147.68
147.8
147.8
147.65
145.85
143.53
139.97
138.07
134.9
130.43
127.92
124.33
121.8
121.12
119.83
118.88
117.97
118.22
119.62
120.42
124.55
128.35
132.7
135.6
139.2
141.95
144.4
146.12
148.65
150.68
151.53
151.15
149.93
150.2
149.12
147.05
144.65
143.05
140.8
138.47
135.9
133
130.82
128.55
126.15
124.53
124.67
124.1
122.67
121.88
122.1
122.4
121.95
121.72
121.62
121
119.75
117.6
115.92
114.47
113.62
112.47
110.72
108.78
106.58
103.4
100.05
97.875
96.375
94.35
93.825
94.05
93.875
94.425
96.35
97.3
77.15
75.525
74.575
73.325
72.05
73.325
74.55
76.95
81.075
84.2
87.05
88.775
90.9
93.375
95.325
97.725
102.6
106.4
110.8
114.3
116.8
119.62
123.03
126.72
130.18
133.38
137.07
140.53
143.57
146.57
148.28
149.88
149.32
148.57
148.3
147.05
146.07
146.45
147.28
147.82
145.9
142.25
139.53
136.82
134.15
130.9
127.1
123.4
120.55
120.6
120.72
119.97
118.1
118.17
118.42
119.78
123.47
127.7
131.85
135.03
138.35
141.32
144.75
146.28
148.75
150.07
151.35
151.03
149.95
149.62
149.15
147.12
145.53
143.45
140.75
137.95
134.65
132.62
130.18
128.28
125.72
124.42
124.22
123.83
123.22
123.08
122.65
121.83
121.03
120.85
120.47
119.38
118.03
115.78
114.5
114.08
113.2
111.42
109.7
107.2
104.47
101.67
99.05
96.3
94.85
93.875
94.125
94.55
95.15
95.8
96.7
98.05
76.475
74.925
74.275
73.65
72.675
72.9
74.275
75.725
78.8
82.55
85.2
88.075
90.025
92.325
94.675
96.65
99.95
103.8
108.2
111.35
114.78
118.1
120.9
124.22
127.38
131.05
134.3
138.18
142.18
144.65
146.53
147.8
148
146.75
145.93
145.6
144.7
145
146.38
146.62
144.93
141.47
139.12
136.15
133.12
129.82
126.4
123.53
121.9
119.65
119.97
119.72
119.62
119.88
119.95
119.72
122.8
127.45
132.78
136.2
138.62
141.3
144.32
146.7
148.93
149.88
150.78
150.2
150.05
149.93
149.3
147.18
145.43
143.3
141.3
138.47
136.6
133.32
130.53
128.7
126.85
124.92
124.03
123.83
123.8
123.28
121.88
120.9
120.3
120.28
119.6
118.35
117
115.12
113.47
112.15
110.4
108.38
106.12
104.53
102.22
99.475
96.5
95
94.85
95.15
94.975
95.5
96.275
97.125
97.85
98.65
77.7
75.75
75.1
73.475
72.05
72.05
73.475
75.625
77.35
80.7
83.325
85.875
88.525
90.5
92.625
95.475
98.15
101.4
105.67
109.17
112.42
115.62
118.9
121.95
124.85
128.22
131.43
135.15
138.97
142.43
144.22
145.47
146.28
145.38
144.55
144
144.97
144.38
144.65
144.9
143.6
141.6
138.93
133.57
131.62
128.93
126
124.2
121.92
121.2
119.28
119.42
120.88
121.38
122.1
122.22
123.95
128.82
132.12
135.1
137.93
141.8
144.55
146.78
148.5
149.22
149.55
149.47
149.53
149.15
148.55
146.45
144.5
143.38
140.9
138.5
136.47
134.12
131.78
129.82
127.42
126.08
125.3
123.75
123.17
121.5
120.78
119.9
119.7
119.6
118.22
116.6
114.9
113.55
112.45
110.75
108.35
106.25
104.17
102.08
99.975
97.775
96.175
94.775
94.575
94.575
94.95
95.95
97
97.975
98.9
99.525
77.675
77.25
75.25
73.825
73.3
72.725
72.3
74.45
76.95
78.475
81.8
84.175
87.125
88.975
90.8
93.625
96.6
99.025
103.67
106.75
110.38
113.25
116.1
119.9
123.33
126.35
129.3
132.22
136.1
139.43
142.38
143.22
143.93
143.68
143.5
142.88
143.4
142.35
143.4
144.2
142.65
139.88
138.07
133.07
130.25
127.85
126.17
126.88
125.12
122.3
120.62
118.65
120.25
122.17
123.08
123.25
125.65
129.28
133.47
136.22
137.57
141.6
145.43
147.55
148.47
148.6
148.78
148.85
149.53
148.97
147.97
146.4
143.55
142.12
140
137.7
136.05
133.82
131.7
129.43
127.28
125.67
124.47
124.65
123.17
121.67
120.83
120.1
118.92
118.6
117
115.45
114.25
112.15
110.15
108.47
106.62
104.08
101.88
98.9
96.65
95.825
95.125
94.55
94.35
94.825
95.85
96.9
97.125
96.975
97.125
97.65
79.6
78.025
76.65
74.475
73.1
73.45
72.35
73.1
75.85
78.1
79.975
82.6
84.925
87.225
88.85
91.2
94.1
97.225
100.83
105.2
108.17
111.5
113.88
116.5
119.45
123.58
126.58
130.2
132.97
136.2
138.5
140.65
141.88
141.32
141.38
140.8
141.75
141.18
142.57
142.57
140.4
138.78
137.3
133.45
130.1
128.2
126.78
127.17
126.88
123.42
120.78
120.17
121.15
122.33
122.9
123.9
126.3
129.65
133
135.45
137.53
141.57
144.68
145.88
148.25
148.8
149.12
149.38
148.93
148.25
147.65
145.85
143.88
141.88
139.38
138.32
136.72
134.47
132.2
129.8
127.12
125.53
123.97
123.97
122.88
120.85
120.2
119.25
117.33
116.6
115.28
113.95
111.83
110.03
107.5
105
102.58
100.3
99.1
96.9
95.375
94.7
94.975
94.25
94.2
95.025
96.025
97.55
98.725
100.15
100
100.15
80.15
79.225
76.775
75.35
74.1
73.95
73.2
72.5
73.775
75.85
78.975
80.45
83.525
85.825
87.225
89.75
92.625
95.5
99.15
102.33
105.8
108.42
111.03
113.65
116.67
119.7
123.53
127.45
129.88
132.68
134.8
136.95
138.7
139.22
138.57
138.65
139.5
140.18
140.32
140.35
138.75
136.28
135.55
133.62
130.32
127.9
127.72
126.5
126.45
125.9
123.38
121.28
121.2
122.25
121.53
123.5
126.65
129.75
133.72
136.15
137.8
141.47
143.3
144.9
146.82
148.93
148.55
149.2
147.97
147.38
146.55
145.03
143.62
141.32
139.18
137.6
135.85
133.88
132.35
130.3
127.78
125.55
123.5
121.9
120.62
119.5
119.45
117.4
116.22
114.65
113.1
111.38
109.92
107.03
104.15
102.12
99.925
97.95
95.45
95.175
94.95
95.075
95
95.1
95.55
96.025
96
96.725
97.35
97.3
98.725
99.75
81.1
79.675
79.025
76.825
75.1
73.775
73.05
72.375
73.45
75.15
77.075
79.375
81.525
83.9
85.625
87.1
89.125
92.575
96.425
99.675
103.1
105.55
107.6
110.53
113.55
116.85
119.62
123.33
126.55
127.9
130.4
132.78
134.85
135.65
136.3
136.45
136.97
137.2
137.78
137.7
137.03
134.62
133.47
131.47
129.97
128.95
126.85
125.05
124.95
126.25
123.88
122.4
122.17
122.92
122.65
124.33
126.97
130.62
133.5
135.32
137.7
141.5
143.47
144.6
145.8
148.07
147.68
148.65
147.7
147
145.4
143.35
142.1
140.72
138.78
136.78
134.65
132.68
130.9
128.95
127.08
124.95
123.1
120.92
118.9
118
116.9
115.53
113.85
112.65
110.2
108.03
105.15
102.95
101.08
98.9
96.7
94.8
95.025
94.225
93.75
93.85
93
93.85
94.725
95.275
94.775
95.05
96.15
96.4
95.8
95.025
82.4
80.875
79.825
78.025
76.575
74.85
73.6
72.525
73
73.875
76.25
78.25
80.35
81.8
83.8
85.75
87.325
90.15
93.05
95.975
99.05
102.5
104.67
107.45
109.83
112.85
116.17
118.83
122.47
125.47
126.8
128.72
130.5
132.12
132.32
133.38
133.95
134.25
134.78
135.68
135.03
132.55
131.75
129.9
129.15
128.38
125.45
124.28
124.5
125.58
124.12
121.85
122.3
121.22
122.4
124.65
127.35
130.38
132.62
135.07
138.4
141.62
143.4
144.18
145.97
147.18
147.4
147.35
146.1
145.7
143.88
141.75
140.75
139.38
137.55
135.53
133.32
131.43
129.12
127.1
125.7
123.22
121
119.12
118.08
117.58
116.25
114.35
112.1
110.2
108.28
105.45
102.35
100.1
97.825
95.65
94.025
93.075
91.15
90.725
90.275
89.625
89.125
88.375
88.55
90.075
91
91.775
93.2
94.65
93.75
93.025
82.8
82.275
81.275
79.4
77.925
76.175
74.05
71.975
71.2
72.325
74.4
76.35
78.375
79.525
81.3
83.25
85.95
88.3
90.1
93.2
95.625
98.75
101
103.47
105.92
109
111.67
114.72
117.65
120.4
122.28
123.97
125.67
127.62
128.28
128.85
130.53
131.65
132.1
132.25
132.05
130.82
129.47
127.97
127.22
126.97
125.65
123.7
123.12
123.92
124.53
123.8
122.92
121.85
122.53
124.95
127.35
129.95
132.3
135.25
138.18
141.03
143.03
144.32
145.03
146.47
145.9
146.82
145.4
144.03
142.78
140.88
139.43
137.47
136.1
133.95
131.6
129.4
127.6
124.92
123.05
121.67
119.6
117.9
116.58
115.05
113.17
111
109.3
107.03
104.4
102.22
99.5
96.525
93.925
90.9
90
89.525
88.15
86.8
86.3
85.7
84.75
84.575
85.225
86.175
87.125
87.675
87.875
87.35
87.65
87.625
82.875
82.15
82.15
81.075
79.35
77.275
74.9
73.05
71.4
70.35
71.275
73.775
76.375
78.425
79.025
80.775
83.2
85.425
87.5
90.175
92.975
95.2
97.925
100.12
101.9
104.97
107.78
109.85
112.45
115.03
117.17
118.3
120.08
122.1
123.53
124.28
125.7
126.95
128.1
128.22
128.28
127.95
128.07
126.42
126.65
125.28
123.72
122.95
121.25
121.08
122.25
122.7
121.72
121.03
122.55
124.75
126.65
129.45
132.45
134.32
136.22
139.38
140.97
142.35
144.4
145.68
145.38
144.6
143.62
142.1
140.75
138.93
137.07
135.32
133.57
131.7
129.32
127.62
125.85
123.47
121.3
119.8
117.85
115.55
112.97
111.35
109.75
107.6
104.75
101.83
99.05
96.275
92.275
88.625
86.75
85.775
83.65
82.85
82.075
81.625
79.925
79.8
78.9
79.575
80.825
81.725
82.375
81.775
80.925
81.425
83.325
86.375
83.05
82.425
82.325
81.425
79.65
77.375
75.575
73.35
72.475
70.725
70.375
71
73.075
75.525
77.725
79.25
80.4
82.825
84.825
86.6
89.1
91.65
93.7
96.15
98.275
100.95
103.47
105.67
108.38
110.38
112.05
113.5
114.55
115.83
117.88
119.53
120.85
122.72
123.53
123.42
123.2
122.45
122.75
122.17
123.62
124.28
123.28
122.6
120.8
119.15
120.1
121.38
120.83
120.92
122.65
123.83
125.88
128.2
129.95
133.28
135.88
138.15
139.75
141.25
142.28
143.07
142.55
141.78
140.85
139.65
137.45
136.03
134.78
133.22
131.78
129.9
127.6
125.2
123.12
121.03
119.05
116.3
113.85
111.55
109.97
107.38
104.1
101.1
98.125
95
91.45
87.35
84.45
81.5
80.4
78.95
78.3
77.475
76.675
76.525
75.4
75.4
75.125
75
75.35
77.175
78.275
80.65
82.225
83.25
84.825
86.6
83.325
82.575
81.7
81.25
80.4
78.375
76.55
74.475
72.8
71.275
70.15
70.2
70.625
72.625
75.025
77.35
78.45
78.875
81.575
84.125
86.05
87.55
89.8
92.15
93.975
96.3
99.075
101.05
103.05
105.55
107.78
108.53
109.45
110.6
111.92
113.72
115.58
116.9
118.7
118.83
118.5
117.62
117.15
117.2
118.35
120.2
120.75
120.58
119.1
117.95
118.62
118.45
118.58
119.38
121.08
123.03
123.9
125.53
128
131.05
132.93
135.88
137.65
139.57
141.15
140.2
138.8
139.22
137.62
136.55
135.68
134.5
132.85
131.28
129.43
126.8
124.17
121.6
119.92
118.25
115.85
112.03
110.05
106.72
103
99.525
96.875
94.175
90.9
86.35
82.85
79.775
77.275
75.15
73.3
73.375
73.15
73.675
73.5
72.475
73.025
72.975
72.85
73.675
73.3
73.925
75.4
75.9
78.175
80.525
82.325
84.125
83.65
83.325
83
81.725
81
79.725
77.275
75.225
73.1
71.8
70.6
70.975
71.125
70.675
72.35
73.525
75.775
77.775
78.225
80.35
82.375
84.325
85.875
88
90.175
92.425
94.95
97.05
98.5
100.08
102.8
104
104.58
104.85
105.28
107.2
109.33
110.7
112.65
113.25
113.12
112.45
112.15
112
114.03
115.12
116.6
116.17
116.33
115.67
116.08
115.72
116.17
117
118.33
119.95
121.42
122.45
124.95
127.95
130.12
132.78
134.5
137.3
137.6
137.7
136.7
136.82
135.62
134.12
133.1
131.7
130.32
128.32
125.58
122.95
120.88
118.78
116.3
113.85
110.58
107.22
102.9
99.925
96
92.75
89.65
85.575
81.9
78.925
76.45
74.925
73.425
71.975
71.125
70.275
69.925
68.875
68.575
68.725
68.85
69.825
70.7
71.225
71.5
71
72.825
75.225
75.65
76.125
78.65
82.3
83.475
83.475
83.675
82.175
80.775
80.625
78.275
76.325
74.775
73.3
71.8
70.575
70.3
70.625
71.025
72.25
73.1
75.3
76.275
77.45
79.4
80.75
82.85
84.35
86.875
88.55
90.65
92.675
94.575
96.625
98.4
99.6
99.875
101
100.78
100.97
102.92
104.28
105.95
107.17
107.6
106.85
106.47
106.45
106.67
109.2
110.4
110.47
110.2
110.62
110.67
110.08
111.15
111.9
113.25
116.17
117.75
119.28
122.8
125
127.42
128.45
129.97
132.25
133.7
133.45
132.62
131.28
129.57
129.1
127.83
126.42
125.5
123.47
121.65
119.35
117.03
114.4
111.97
108.05
104.08
100.55
96.25
93
89.225
85.45
81.9
78.675
76.4
74.225
72.975
71.5
70.1
69.5
69.05
67.825
66.525
66.725
67.075
68.05
68.35
67.3
67.1
67.85
69.575
69.775
70.475
73.45
75.95
78.5
81.25
84.5
83.8
83.35
83.1
82.2
81.075
79.45
78.725
77.975
76.025
74.15
72.825
70.725
70.3
70.1
70.275
69.95
70.975
71.75
73.425
74.575
76.525
78.525
79.15
81.4
82.825
84.775
86.75
88.4
90.8
92.025
93.8
95.725
96.325
96.85
97.025
96.475
97.15
99
99.8
100.53
100.72
101.25
101.03
100.78
100.25
101.95
104.08
103.97
104.62
105.85
106.97
106.8
107.03
107.72
109.6
112.12
114.47
116.47
120.15
122.75
123.62
125.47
125.47
126.95
127.53
126.38
126.2
125.9
125.58
125.85
125.28
123.8
122.17
120.97
118.3
114.97
111.95
108.55
105.08
101.53
97.575
93.725
90.425
86.45
82.75
79.55
76.3
73.725
72.1
70.475
69.075
67.575
66.5
66.375
65.525
64.775
64.275
64.275
64.675
64.5
65.275
64.95
65
67.175
68.175
70.475
72.075
73.275
75.35
79.35
82.425
84
83.925
83.65
83.4
83.45
81.675
80.5
79.125
77.5
77.075
75.075
73.8
71.825
69.85
69.175
69.15
69.225
68.825
69.125
71.2
72.75
73.85
75
76.225
77.875
79.55
81.225
83.025
85.4
86.5
87.2
88.825
90.225
91.075
91.1
91.475
91.875
91.125
91.175
92.5
93.5
93.85
94.075
95.15
95.475
94.3
94.8
96.5
96.95
97.7
99.275
100.3
101.22
103
103.88
105.05
107.2
110.1
112.97
114.58
116.62
119.15
120.05
121.67
122.28
121.85
122.22
122.85
123.38
123.3
122.35
121.1
120.67
119.25
117.25
114.55
111.47
107.47
104.3
100.28
96.05
92.25
87.7
83.875
80.55
77.575
74.3
72.425
70.9
68.95
67.675
66.225
64.5
63.325
62.8
62.8
63.025
63.05
62.875
62.225
62.475
63.125
64.375
65.05
65.275
67.525
68.95
71.6
74.25
77.625
79.225
81.175
84.775
84.2
84
83.925
83.525
82.9
81.775
80.375
79.325
77.2
76.625
75.1
72.5
70.275
69.625
68.75
68.625
68.15
67.7
68.175
69.225
71.325
72.375
73.7
76.2
77.575
78
78.875
79.9
82.75
83.9
85.075
85.575
85.875
85.975
86
86.75
86.9
86.3
86.1
86.15
86.225
86.65
87.775
88.7
89.075
87.625
88.075
89.475
89.35
90.025
90.425
92.325
93.65
94.925
97.225
99.975
102.85
104.8
106.92
109.53
112
114.28
115.03
115.22
115.92
117.62
120.15
120.25
120.5
120.75
120.6
118.3
115.78
114.12
111.38
108
104.25
100.17
96.275
91.975
87.875
83.875
79.725
76.2
72.475
69.8
67.95
66.525
65.275
63.675
62.825
62.725
61.675
60.825
60.525
60.9
61.15
62.075
62.075
62.425
62.825
64.05
65.525
65.85
66.4
68.425
71.075
73.6
76.75
81.375
83.875
86.25
84.225
84
83.625
83.425
83.5
82.6
81.725
81.15
79.5
77.325
76.1
74.975
72.5
70.225
68.05
67.075
66.975
66.725
67.15
67.55
68.95
70.825
71.9
72.775
74.775
75.3
75.55
76.075
77.575
80.05
81.3
82.15
82.525
82.325
81.65
81.275
81.25
81.025
81.175
80.7
80.575
79.575
79.05
78.875
78.9
79.375
79.925
81.175
81.85
83.075
84.125
85.8
86.85
89.15
92.825
95.425
97.85
100.5
102.95
104.65
106.55
109.42
112.22
112.65
114.12
116.08
115.83
115.65
116.47
117.05
116.75
115
113.35
110.88
108.78
104.97
99.85
96.2
92.15
88.25
83.35
77.85
74.3
71.275
68.475
67.025
65.575
64.25
63.3
62.325
61.625
60.95
60.6
60.8
60.3
60.575
60.8
61.775
62.45
62.675
62.625
63.1
63.8
65.6
66.875
67.45
69.45
70.95
74.075
77.85
82.025
84.275
84.475
83.625
83.475
83.2
83.125
82.85
82.175
81.3
81.3
79.175
77.725
76.4
74.55
72.225
70.375
68.075
66.35
65.625
66.225
67.025
67.1
68.175
69.2
70.175
71.65
73.1
73.275
73.675
74.75
74.7
76.225
77.6
78
78.25
78.1
76.975
76.5
76.175
74.975
74.075
73.1
71.75
71.15
72.6
72.45
71.875
73.25
74.95
76.575
77.75
80.1
82.1
84.675
86.325
88.2
91.325
94.775
96.95
98.675
100.35
101.97
104.53
106.8
108.8
110.67
111.12
111.03
111.25
112.5
114.38
114.22
113.17
110.8
107.8
105.45
100.92
95.875
91.45
88.025
84.525
78.75
73.925
70.2
67.25
65.475
65.225
64.3
63.05
61.85
61.325
60.725
60.475
60.55
60.65
61.425
61.475
60.825
60.475
60.975
61.55
62.475
63.575
65.125
65.675
66.8
68.925
70.225
70.625
72.325
74.45
77.8
80.975
84.725
84.15
84.075
83.6
83.55
82.75
82.175
81.75
81.075
80.625
79.425
77.275
76.375
74.6
72.625
71.05
68.9
67.25
65.975
65.2
65.225
65.625
67.3
67.95
67.55
69.5
71.15
70.15
70.35
70.5
71.175
71.35
72.075
71.85
71.525
71.65
71.975
71.275
71.675
70.9
69.35
68.625
67.125
66.025
67.65
68.275
68.9
71.05
71.575
72.55
73.6
74.8
78.325
82.1
85.7
88.3
90.175
93.45
96.9
99.925
102.05
103.65
104.55
105.92
106.3
107.62
107.45
108.67
109.12
109.78
109.05
107.2
104.25
102.15
98.65
94.075
89.925
86.4
83.15
79.45
74.725
70.35
67.8
66.225
65.55
64.225
63.45
62.65
62.6
61.65
60.525
59.475
59.75
60.325
61.425
62
62.575
62.325
61.575
61.025
60.65
61
62.9
65.475
65.775
66.925
68.2
71.225
73.025
74.2
75.225
79.8
85.025
84.625
84.625
84.2
83.5
83.375
82.825
82.05
81.625
80.8
80.65
78.775
77.375
76.55
74.625
72.825
70.525
69.05
68.25
66.2
64.825
64.925
64.95
65.5
65.95
64.7
65.5
66.9
67.425
67.5
67.3
67.075
66.925
67.7
67.425
67.175
67.625
67.3
65.95
66.95
66.85
65.65
65.675
64.5
64.475
66.275
67
67.475
68.025
68.6
69.9
72.975
77.65
79.275
82.5
85.55
88.7
92.475
95.525
99.3
101.7
102.85
104.88
105.5
105.38
105.9
105.95
105.97
106.35
104.75
103.15
100.45
98.575
96.525
92.975
87.5
83.65
81.85
79.325
75.9
72.675
70.175
67.725
66.975
65.575
64.375
63.05
62.05
61.8
61
60.45
59.675
59.6
59.925
60.05
61.475
62.7
63
62.725
62.75
62.35
61.65
61.975
64.475
65.625
66.025
67.6
69.9
71.75
73.775
75.925
77.425
84.65
84.675
84.575
84.325
83.925
83.35
83.05
82.9
82.225
81.425
81.5
80.55
78.975
77.5
76.55
74.575
73.275
70.6
69.15
68.55
67.05
65.925
65.025
64.825
65.45
65.225
64.375
64.075
64.2
64.2
63.925
63.95
63.8
63.2
64.85
64.85
64.725
65.15
64.75
63.675
63.275
63.875
63.65
64.8
64.25
64.3
64.775
65.175
65.825
67.7
69.625
73.3
76.525
77.85
80.1
84.4
87.575
90.55
94.275
97.8
100.83
103.47
105.22
105.1
103.92
103.33
102.2
101.85
100.83
100.03
98.3
96.025
94.1
91.025
85.8
82.4
80.75
79.225
77.1
73.8
70.775
68.1
66.9
66.075
65.1
63.95
62.725
61.875
61.775
61.85
61.175
61.45
61.175
60.875
60.8
61.7
61.9
63.225
63.475
64
63.875
62.75
62.775
64.225
64.725
65.85
66.75
68.25
70.075
72.725
75.475
77.35
85
84.925
84.7
84.775
83.875
83.5
83.05
83.225
82.625
81.8
81.3
80.675
79.925
79.05
78.175
77.35
74.975
72.95
71.3
70.65
69.95
68.275
67.35
66.25
65.225
65.05
64.3
63.625
63.55
62.975
63.3
63.75
63.175
61.7
61.35
61.975
61.8
61.825
62.075
62.05
62
62.2
63
62.575
62.55
62.8
63.975
65.675
66.975
69.075
71.275
73.85
76
78.15
81.55
84.25
87.2
90.1
92.25
95.05
98.05
99.225
100.1
101.72
101.85
100.38
99.5
98.7
96.9
95.675
93.9
90.1
87.1
83.1
80.15
78.25
77.125
76.3
73.5
70.575
67.775
66.5
65.8
64.425
63.65
62.725
62.275
62.05
61.825
61.875
62.375
62.1
61.35
61.325
61.45
61.4
61.45
61.375
62.2
63.175
63.1
63.65
64.125
65.075
65.5
66.375
67.7
68.2
68.7
71.425
73.75
75.725
84.525
84.6
85.175
84.875
84.575
84.325
83.725
82.525
83.125
83.1
82.2
81.6
81.075
80.125
79.425
77.575
77
75.175
73.25
72.4
72.15
70.5
69.675
68.75
67.325
66.65
65.925
65
64.15
63.425
62.85
62.9
63.4
63.175
61.75
61.375
61.3
60.775
61.95
61.95
61.025
60.85
61.175
61.35
61.3
61.975
63.8
66.325
67.95
69.525
71.1
73.15
75.25
78.25
81.55
83.775
85.575
88.025
91.675
94.05
94.5
94.2
94.8
95.9
94.925
93.775
92.825
90.25
89.275
87.575
85.1
82.4
80.7
79.375
77.5
74.625
72.925
71.675
70.125
67.775
65.775
65.25
64.875
64.675
64
62.85
62.675
62.725
62.975
62.7
62.3
62.15
62.025
61.625
61.575
62.35
61.975
61.825
61.25
62
63.075
63.125
64.2
66
67.275
67.125
68.4
69.075
68.625
69.55
72.175
73.1
84.35
84.725
84.9
84.9
85.2
84.825
84.375
83.6
82.975
83.25
83.275
82.325
81.45
81.25
80.775
79.9
78.1
77.025
75.45
74.15
73
72.65
71.975
71.225
70.925
69.8
68.5
67.425
66.575
65.625
64.075
62.825
62.6
62.475
62.525
62.725
62.8
62.225
62.05
60.8
61.075
61.075
61.6
63.15
64.675
65.7
66.775
69.075
70.8
71.475
72.175
74.275
75.7
77.85
82
86.175
87.925
89.825
90.125
90.675
91.025
90.575
89.7
88.55
86.75
85.775
85.475
85.05
84.3
81.95
80
78.525
76.75
74.8
72.6
71.65
70.325
68.375
67.3
66.5
66.125
65.525
64.5
63.825
64
64.775
64.45
63.2
63.2
63.025
62.85
62.85
62.375
62.025
62.075
62.55
62.825
62.5
62.65
62.975
62.9
63.65
64.1
64.975
66.35
67.025
67.95
69.075
69.2
70.775
72.7
73.825
84.325
84.575
84.4
84.775
84.925
85.075
84.8
84.6
83.775
83.625
83.8
83.325
82.45
81.45
80.575
80.05
79.55
78.375
77.45
76.4
75.675
74.625
74.1
73.7
72.15
71.075
71.1
70.5
69.225
68.325
66.675
65.075
63.7
62.925
62.375
63
63.4
63.625
63.275
63.6
63.425
63.7
64.1
65.5
67.45
67.85
69.9
71.9
74.4
76.475
78.075
79.875
82.225
84.175
86.075
88.6
88.375
87.5
87.075
86.725
86.05
85.65
83.95
83.05
82.8
82.05
80.725
79.175
76.625
75.325
73.85
71.95
70.05
68.725
68
67.025
67.2
67.025
66.825
65.725
65.3
65.475
65.425
64.925
64.725
64.125
64.15
64.425
63.925
64.325
63.8
63.1
63.2
63.2
62.45
63.05
63.4
63.025
62.45
61.975
62.1
62.75
63.85
65.6
66.15
66.375
67.3
68.65
69.575
70.675
72.45
74.775
84.2
84.375
84.675
84.6
84.675
84.7
84.975
84.95
84.925
84.425
83.775
83.4
83.6
83.225
82.275
80.9
80.175
79.95
79.45
78.025
76.275
75.55
76
75.4
74.475
73.375
72.2
71.35
71.875
71.05
70.475
69.525
67.825
66.9
66.375
65.725
65.625
66.275
66.7
67.275
67.125
67.25
67.975
68.525
69.825
71.4
72.825
75.1
75.5
77
78.975
80.2
81.875
83.85
85.4
85.625
85.1
85.125
84.8
83.375
82.4
81.45
80.75
79.375
77.5
76
75.35
73.875
72.6
71.35
70.775
70.175
69.525
68.825
67.825
66.85
66.35
66.2
66.1
66.575
66.3
65.2
64.65
63.95
64.075
64.3
63.875
63.475
63.65
63.2
62.75
62.425
62.1
62.275
62.7
62.75
63.15
62.925
62.425
62.45
61.85
62.35
63.175
64.675
66.5
67.15
68.25
69.325
69.925
70.75
72.125
74.15
84.1
84.25
84.525
84.475
84.7
84.7
84.975
84.875
84.825
84.575
83.875
84.225
84.075
83.875
83.1
82.05
81.775
81.1
80.45
79.825
77.7
76.6
76.5
76.125
75.275
75.475
75.125
73.975
73.2
72.75
72.35
71.6
70.6
70.175
70.4
70.625
69.75
69.25
69.2
69.95
70.95
71.15
71.4
71.7
71.925
73.225
75.25
75.9
76.75
77.55
78.575
80.2
80.95
81.225
82.25
82.425
81.975
82.475
82.225
82.2
80.7
79.55
78.45
76.45
74.55
73.075
72.575
72.65
72.1
71.8
71.15
70.175
68.85
67.85
67.55
67.125
67.15
66.55
65.825
65.925
65.775
64.875
64.325
63.875
63.625
63.45
63.775
63.9
63.675
63.8
63.25
62.725
62.25
62.775
62.125
62.525
63.2
62.8
63.075
63.25
62.975
62.85
63.875
65.1
66.425
67.575
69.2
71.3
72.025
71.4
72.525
73.375
